260734 25101
748959 33692
537126 62612
816009 81301
706291 4307
99986 84897
178016 29778
880207 37989
871783 47298
640674 41022
194721 14676
861538 58616
888972 30724
331395 78651
700635 7487
64838 61651
50563 54445
59713 61255
680829 9586
138681 63692
489428 16386
369388 72702
901536 21502
59801 63234
51433 53650
129207 73923
852082 66741
193065 12903
937887 4630
908870 14906
111261 79960
122988 74642
110873 81489
290620 52810
699465 4667
484994 11935
621702 55702
791393 78444
60097 65061
596871 81352
575417 82587
414444 29539
673337 14550
720162 13200
171005 39389
194469 14366
574459 81149
613832 64338
415354 29186
773569 59144
908111 14360
784867 71126
853577 67017
755890 41675
195054 13222
422517 21128
98735 81662
776011 60632
805938 80942
653692 30583
624887 55263
300558 62852
469496 7835
108535 79540
613284 67012
482187 11445
148051 57778
405187 40561
471004 7841
274462 33476
956055 10755
140249 65120
242242 12486
603758 74671
92156 81313
826072 78591
416011 28269
195163 11973
465568 5904
339983 81223
299330 63776
405937 38604
984783 35282
899531 20090
700238 6224
898090 21097
430821 14507
616812 66335
292419 54010
786243 68592
510863 35854
127890 74824
652627 28161
632690 46446
159342 46386
644045 37710
498720 22735
136657 65245
249230 16748
186534 22356
529079 53803
795155 74191
604593 70234
357078 75734
755001 42017
453849 6470
195258 11855
529240 51349
422532 20632
394978 50076
236009 9510
415655 27732
612192 64203
700133 7134
955286 12836
56092 51985
586167 82001
889453 27714
852656 68063
862073 56499
537313 65397
52793 54384
625750 58377
462700 7627
80968 75515
146022 57901
641933 39163
302381 59976
950177 7118
611978 67036
757177 39848
287337 53098
301568 59643
964157 16210
576190 82641
546066 68900
604976 71060
928152 7559
147612 56624
661291 21235
451687 8116
651745 28745
108582 81280
159024 48713
727379 20184
435359 15224
595315 78524
967311 19460
776154 61778
614288 67703
491016 19352
692006 6803
414970 26388
754551 44293
302015 59522
626544 57083
292586 53693
195495 15993
365020 71181
443399 10271
774534 63350
955873 12137
967647 16995
375615 64818
121039 74417
690602 3255
880722 39874
52489 49848
50147 49657
950510 8785
253491 18824
832039 76573
868835 48512
369617 72700
262614 21754
936243 7335
984508 34326
765628 52507
83226 77804
841587 71690
880463 40146
841388 72909
577444 84548
564370 83366
167253 40823
748064 34691
318640 76829
242150 14268
908139 15709
279220 42268
766719 52366
326276 80509
826272 79885
339100 79940
453578 6627
709289 6605
187002 21534
930182 7872
159403 49820
471424 9115
195648 12956
336284 83165
414576 29509
195651 13410
338482 82984
312456 71910
328347 78237
640698 41411
691905 7051
556983 75693
319311 77991
155727 48915
663181 21353
166870 38433
158128 48784
359313 80115
195686 16072
851319 63257
575539 81830
738018 24746
631222 45947
908555 16039
809569 80517
738132 26556
765914 56197
281025 44902
986901 33352
669956 13843
670418 14871
339612 80468
244140 9859
407031 38958
850432 64719
627087 57308
186949 20646
549412 70240
195752 12612
260776 26688
148713 59961
679307 9621
52670 54339
728251 16302
195761 11024
138265 67796
577751 79680
672619 13250
48904 50098
973436 24654
357234 77908
79178 75552
481779 10563
702900 6485
568031 81185
245649 12907
298304 62449
757427 42029
90586 82779
747967 34397
431997 12320
389269 55740
760362 45778
976630 23191
347547 77540
565858 77005
195840 16195
483617 12236
669902 13156
243443 12559
242960 10099
92036 78221
237205 5794
963627 17274
432087 12742
871443 46809
794493 74598
526622 55190
195871 13971
424364 18670
81492 75060
610027 61296
178170 27292
852805 63675
386069 57985
480529 10508
311264 68501
346150 81022
625097 57756
300392 63796
412535 29449
431336 13607
178286 30293
652241 29603
870657 45622
851307 67548
498685 24820
414637 30490
243178 14920
802336 80000
735308 27649
862821 55350
310555 66042
196004 14859
574802 80306
956735 12259
386580 58797
548329 72070
308159 68709
196031 12832
350122 82068
825375 80426
934901 7003
736631 25051
395785 46960
753481 44061
519028 43084
196066 14900
995018 42722
768379 54883
309366 68842
626647 54982
690435 6175
767884 53265
453963 7703
432657 15290
955443 11189
434899 14979
921114 10127
814527 82639
356932 75267
558356 74297
404900 42003
413494 31286
310870 71719
121247 78139
529465 51288
805210 80966
517343 44887
643346 39313
956224 12726
91531 81746
596457 77825
545888 67576
673265 14095
938121 6279
955904 10829
803906 80992
843983 74787
881299 37308
612309 66703
376576 66213
584255 78777
450363 4461
433943 14408
624592 56428
904439 21903
738026 23227
123243 79612
854330 67977
269778 32283
110043 79894
850298 63973
412880 29786
385728 57775
824079 80497
317732 76679
490572 16839
585429 81126
128026 72413
63598 59217
672990 15060
935995 6163
690097 10084
651205 28446
453553 4597
681012 7602
766670 52945
631715 45462
271161 33634
755969 44092
509335 31944
63921 63107
73606 68512
253656 19327
415808 29076
500692 25842
911084 14202
795833 76312
65269 61067
785872 69339
452051 8168
700617 4750
397439 49711
983646 30956
188416 20769
308037 70618
671356 15312
663554 21270
319101 72950
926668 6166
63863 61587
196410 14012
678472 9112
518179 42582
93355 75765
927883 8404
827708 83514
615711 66203
140390 65072
986912 32609
444393 8403
794866 75493
431862 14039
196461 12573
479560 11895
460505 5780
481617 12672
670235 14521
540612 60434
475384 5641
507123 36377
348727 82994
137781 67240
318613 76599
567408 82017
117779 78426
175331 30571
935497 4895
585569 82021
155005 48607
348382 79225
397605 49918
392069 50014
319670 74317
66423 62161
308621 68869
281178 47446
175101 31595
672498 15045
880235 38647
766758 52660
798140 75235
642472 41134
745607 36393
147461 57857
565630 81532
121206 77322
491643 16803
881131 39397
918828 8368
101038 81708
338303 83640
196564 16233
480220 13022
144108 57753
196573 14142
699472 4076
928640 7818
519011 39916
481438 10058
765983 54893
168674 39321
329380 78971
927423 4151
510241 31112
167701 36245
121131 79857
139175 68931
593965 78717
671378 14061
936749 7795
196648 17136
177212 32508
917744 10096
336128 81252
966354 20426
196659 18907
91359 79583
128129 71239
243578 9466
156376 51082
777620 59440
110141 81435
766831 51721
606258 74288
774578 62884
290464 54118
975675 25741
851753 65617
80841 76356
699552 3690
156179 50741
893763 30139
881137 38931
317608 75564
100695 83022
272059 36844
481053 11715
91430 78312
787408 68827
575279 81057
661970 21909
175990 28360
310216 66483
196811 12033
669269 12275
368700 73763
699628 3497
493351 18018
260691 27233
443991 9662
586333 80978
947190 5227
196892 13342
937958 6309
347782 80464
354530 77014
155418 48004
646086 38359
869655 46648
678623 9761
290860 49919
592819 77708
631928 48148
310292 69172
830604 80771
841841 73465
279940 46083
196982 14954
529940 52182
71212 68394
568611 81644
860451 56885
805394 79122
966839 22732
843401 72942
73809 72882
500613 24161
405334 36126
157280 50187
992948 42670
349975 80428
528161 52890
814651 81996
691538 6037
197050 12188
160742 49763
405643 38841
405719 36883
649074 30273
806041 80109
167962 39524
157607 51958
973023 24191
983811 35135
898009 20701
595007 77089
321388 73591
357991 78310
98287 79744
690136 6506
272483 33660
566665 77522
480266 12654
901268 19445
776249 62168
480487 13795
691134 3917
559386 76903
111388 80883
918046 9973
596400 79804
348073 79437
433385 12497
197194 15606
471111 10776
414012 30329
51506 52960
553810 74056
263372 23353
805855 79068
197229 13328
74458 69076
918682 7796
890943 28891
136601 65368
73554 69208
613684 67289
680824 8316
81866 77025
793772 75359
611446 65047
823254 80812
945656 8484
546644 70221
653433 29822
643506 36592
309359 67460
177373 29915
261944 27378
663664 20861
545536 70583
756234 43008
530097 50863
900166 21545
254372 19007
482107 11451
82522 75609
746220 37174
444314 10155
130328 73381
889465 26434
698212 4882
672093 14708
954886 13656
935998 7118
672479 13576
661316 19334
527790 54255
55847 54064
604196 77666
292230 53370
710120 9849
101025 81592
938575 6773
111780 83071
517812 43720
702308 8307
843238 70635
529371 52776
613650 65872
709668 7522
756190 44382
368470 74663
860640 57381
328499 79493
336831 82126
691554 5821
588021 81897
197687 12995
349300 79769
83179 74426
643435 39642
947123 7351
283255 45756
459482 5795
939236 6073
603597 71369
909471 13746
936385 6881
197781 14906
360677 78574
584630 78345
643534 37649
963954 19470
987263 35265
840292 73856
469360 5720
822570 81161
538976 62159
444255 11727
812586 81767
738842 24726
698700 6128
545888 69764
167042 37781
374765 66822
964184 16657
777867 63241
289304 53305
643228 40403
198040 12842
785781 69225
431096 12625
367067 74679
614362 66138
168593 39259
291157 54322
366829 73810
430922 16721
69824 71881
498850 27221
651059 28427
423976 20846
91390 79527
834026 78185
835615 77456
102177 80207
957241 11899
327679 78139
576626 81668
319131 76882
796636 76043
812091 81512
186764 22715
498365 24644
198304 14773
690662 7591
844558 72597
918247 11840
128615 69947
120245 79706
158336 47156
79588 74872
698770 6420
378270 64386
499666 24896
186694 20616
349419 83004
871996 46672
869615 48315
702216 8457
529946 50545
421788 19893
337144 82603
720947 11568
966217 18171
149398 55244
624802 59596
889071 29349
176175 28254
843346 69161
128283 74714
984881 35854
399672 48191
995026 44517
512200 33377
282765 41923
460190 5498
909494 13602
404121 38100
661616 22164
271336 35618
984728 33071
356298 80070
464384 6586
109851 81494
968603 17415
346827 80819
697136 6254
469727 9675
565824 81254
186893 22516
757067 42049
569430 79315
414980 30957
765661 50661
199611 12264
482062 12536
199725 14612
265234 26217
678956 11112
431626 14843
970199 16495
320140 76375
70268 69610
63949 62570
166293 39032
740583 25822
81938 75397
710799 5624
298707 62647
481832 13174
605429 70665
201653 12484
443446 9707
642772 38151
489654 18584
575154 79860
158444 48295
299176 62953
538605 61573
187472 22777
564948 79283
901029 20693
621501 53366
319549 74445
450817 8353
490173 16882
526950 52691
557364 76115
88787 80509
109719 81372
690123 3076
557888 77371
700210 3823
679693 9208
890184 27439
101869 80256
890244 28335
881180 38699
127834 74042
721448 11529
870563 51872
202709 11728
955555 10694
872968 48269
444642 10613
948066 8814
919145 10432
935838 5562
307908 68599
880949 37312
91003 80296
159523 48252
461120 5326
364400 74605
126561 70438
395322 48873
186256 21737
177461 30351
120056 78760
111080 83537
852577 64216
558415 73688
974974 24179
414485 29493
749042 33578
316000 73893
949842 6768
187380 20886
203083 9063
272189 36674
870426 48542
737919 27283
330360 81375
645779 38374
81389 75713
995004 46127
203201 8729
614373 68364
586417 79363
431118 13886
99260 82090
891423 30249
506649 32583
945000 8354
908096 12599
796037 79699
488411 16323
578410 84074
583439 80502
774775 62865
634570 47755
482112 11065
203395 8549
367912 74413
721552 13108
460947 5940
957876 10805
841480 74765
966436 16829
236912 6433
73095 69773
203494 10601
415594 32742
129276 73547
472155 3668
130819 70644
557909 76871
633825 48771
377514 66073
900634 20726
52391 55689
101151 81922
890278 29608
550676 69981
622805 61084
393899 46139
203581 10733
72856 68705
530723 52594
471755 8063
897971 21438
670854 13562
519163 40919
947784 6024
425651 20863
898888 23625
870606 47197
720557 10207
158689 45277
434024 14375
994519 42669
955517 12204
451392 7943
320733 76067
120931 79964
331815 78542
203687 8754
559492 75526
634109 49813
850728 63082
203736 6682
160297 50483
203756 11038
447675 11427
329698 77256
613761 66813
113650 81140
548428 71758
336742 79488
469940 6460
738619 25736
699214 6086
680384 7583
833206 74741
129583 74025
804683 81542
615422 64645
174607 30815
786784 66237
501336 25900
813786 81591
765973 52569
432768 15726
871722 47090
736660 25157
319324 74606
957056 13168
673196 16083
90083 77674
946393 6171
803073 79934
444997 10422
558132 76674
613689 65922
414888 29810
679851 12193
903141 20582
576772 81499
880019 42187
442024 9104
680895 9018
70915 70294
72450 71944
376931 66477
537280 60347
939528 2774
919241 7446
974668 23546
471335 7777
330288 78023
168481 36181
573631 81330
281044 43714
519945 44264
71425 69881
717312 12563
663461 20536
454018 7361
890816 27111
187187 20522
764518 54064
948342 5022
204167 8052
879977 37933
204172 8188
452544 8567
507827 32353
137466 65489
736147 25507
470442 8278
194113 13080
956457 13582
120283 79321
595553 77877
915103 12094
356034 78400
585178 79478
508556 33959
280609 41451
517738 45912
908350 13824
584340 81617
71462 70149
90757 79742
204288 6430
273250 31368
149917 56937
796121 75884
566305 78370
265903 25911
586361 79380
545962 68580
73336 70994
63620 61781
509154 32240
177648 31148
900119 21646
775910 61934
204351 9324
825164 79646
129665 71300
81307 78698
440756 10905
803700 77261
280779 44299
204382 9766
81756 75910
861496 57430
804740 78740
159710 51210
994739 41461
204397 11730
444473 9241
413418 32600
689489 4986
366333 70085
463229 7237
251873 18251
65412 59757
490166 18490
527557 50977
130440 75404
539737 63324
337099 80868
168213 39037
897952 19587
815127 81577
168115 36222
803617 77932
293390 55051
317211 74089
708914 6929
55873 52644
605213 71918
755473 42633
482856 8947
151295 56631
852529 68731
355824 79271
623662 58383
204531 8140
402801 41210
490753 17098
405843 37793
462157 6256
489057 19867
567249 77796
349225 82632
823300 80213
500751 24360
937209 4809
251794 20057
843656 71027
929884 7043
279830 46174
301168 64486
834519 78856
186405 22016
911364 14849
373538 66985
489484 15393
500765 25099
841732 73735
889277 31018
948290 4763
824926 80217
499633 26468
576155 82693
321780 76794
966994 18560
204625 8789
144851 56810
604352 73032
575243 81148
777436 61159
995125 42178
90754 76800
347935 84869
159080 49756
422801 21200
129580 72361
627016 55597
413510 28839
996341 41983
414719 31679
997264 43704
690877 7812
965906 18642
368414 74392
501256 26512
843884 71501
634287 48211
471127 8383
242305 11706
632450 48063
482592 11050
204756 11047
634262 51057
204761 10155
404139 39434
527357 50676
204771 10148
283083 40726
328953 77768
956457 9227
947534 9450
527667 54062
530568 53587
367908 72495
643202 38770
993942 44870
843044 73409
403022 41209
451977 3600
841796 74306
908004 14427
54487 53252
559273 74428
630363 48767
89506 79383
471436 10586
851890 70093
472750 8208
359070 78465
662657 20983
397493 46516
993945 42680
842784 72857
595089 77893
952649 11183
317155 74512
624710 56662
757348 42617
204879 8643
747506 34852
635524 49825
130618 72652
388427 57961
146800 54077
966789 15312
100409 80158
985998 33454
318023 77060
910263 13953
870460 46583
310633 68424
73819 71928
517114 41502
324421 79375
841384 71680
281673 42692
612329 67229
928211 5588
204990 8984
455325 6964
679240 8799
338447 82082
204994 11634
915198 9956
329542 81333
987021 36169
547044 70187
260559 24857
158578 47679
870286 47900
813464 80848
270311 34539
120098 78813
625672 55586
272427 35208
338682 81308
454949 6456
993583 42984
672753 13273
148072 59766
969000 15616
153090 57121
550582 68058
53799 54103
737647 24323
245776 12694
994639 45472
130452 71774
995637 45930
902670 23129
471588 6442
261180 26365
739252 22806
300817 61759
253525 16801
302615 64560
385913 52904
709169 5453
796333 76829
263496 21508
205122 9440
786966 69804
440217 6407
205133 9805
281669 45396
955782 12038
284198 44442
300977 62644
158746 46326
80010 74970
365986 72151
842151 71856
708527 7263
120707 80124
205185 12172
254527 18564
521535 42542
615592 65530
395879 46508
260275 24613
538548 62033
319724 74815
396526 49170
384118 58859
671275 13498
310011 67769
602878 72095
332195 79478
529253 54456
205252 11385
366068 72271
205269 9557
261014 30344
768472 55208
252380 17700
451086 7235
634020 50398
795028 73155
919195 8120
282738 44511
344687 80855
420963 23274
472681 7391
205303 9793
103948 81351
661938 21169
623442 56602
976894 24699
518819 43066
881181 38661
710879 8966
509402 31163
821940 80987
326360 79180
490542 19482
441266 11516
594205 76832
443909 7517
728910 17878
529708 54610
290821 51125
835815 79175
205366 5976
185148 19779
490653 15171
872182 49610
414901 28444
205392 10055
556538 77427
461303 7018
994308 45849
756839 42196
595836 78668
613426 64488
309687 68482
737315 26369
775138 61337
945729 4653
843803 70548
253013 17669
578427 80594
362969 73986
575854 81925
996569 41207
337280 83202
378018 66544
245938 11464
880983 35555
844327 69523
661825 25678
110797 81102
841534 73378
587273 80218
814961 83370
737318 25567
236424 6711
883429 41554
792893 75702
833766 77958
63505 59761
432919 16971
823779 81931
831199 77151
316295 73022
413031 29978
634515 48487
502208 27308
427262 22406
736984 24224
663056 20829
337429 81348
205540 7788
243868 10335
864743 56167
462614 6339
948615 5680
729226 18439
871929 48777
205578 9387
556848 75507
415527 28462
757291 43016
727156 15182
394484 47753
643806 36955
350598 82168
452703 6697
644781 39228
918141 7919
816522 79376
939686 5675
529984 50697
727749 17400
99827 80865
492982 18057
773202 62985
310819 68961
261742 24496
670097 14429
165991 39429
595577 78439
755623 43552
844731 74756
939908 5857
127430 70584
849598 64264
644630 39231
985593 35222
321137 75999
757592 42529
430920 12919
566538 79501
641532 36004
83716 77628
390111 57274
794552 75526
289074 53480
205735 11671
692170 5700
853145 66509
927185 10583
566326 82994
205755 9337
700622 5197
176663 30606
596160 76255
443762 6983
98924 81777
928945 5777
890058 30856
186705 22296
567362 81775
289445 55016
442174 10552
251332 15391
205799 9374
548926 70421
661569 21655
55363 51614
717368 11369
127636 74051
881100 39074
452318 6698
175320 29141
973529 28195
523659 42422
244625 10989
454025 5307
528263 53917
299876 61085
147866 57269
638465 38353
546425 69211
558203 73533
873995 48450
486794 16588
471251 6579
631706 49595
783324 73110
129989 71865
348006 82466
433759 13641
690527 5534
90734 79739
281587 46690
510732 32390
368312 71047
622556 59646
194896 15497
727083 16737
709995 9137
185302 22117
851834 66215
549519 70380
512883 34049
670714 14401
709671 6189
464770 4785
661151 21471
719701 12082
205992 6664
719222 12156
259789 23922
576692 79655
364948 74145
965796 18308
159053 48452
243792 10466
661909 20850
669638 12660
928991 5548
661925 21677
147555 60672
675991 14087
249493 18087
832180 78053
377573 66764
278135 45932
582661 79453
727639 19169
806845 78265
491524 15612
206092 8795
244682 12381
623583 55996
768292 52927
683209 9975
235425 3045
986816 36570
719902 11978
707952 5666
869512 47677
774970 63182
168111 39888
235700 9390
889420 30116
234990 8097
415470 27888
631591 48208
739898 27341
340908 82731
728294 15692
568999 77427
261981 26526
280200 45548
605316 74559
158886 48573
831000 77823
281891 41276
879557 40445
603671 72203
560381 75826
123157 74547
747667 35791
508514 36576
424948 23321
834471 79238
453285 7860
743336 33082
165973 38798
338373 81959
754524 42071
663024 21628
509875 35306
800538 81035
377267 67180
480947 10756
970204 18461
491052 19382
181264 29195
84637 78394
544411 69713
355292 80578
519194 41837
804539 78501
63659 60721
118962 78231
253839 18491
603769 70327
80602 76170
633606 49952
968312 19773
56289 53357
813318 80210
957850 14062
692302 7601
89380 80701
890823 31179
243695 9701
758377 42037
613890 62618
796440 77032
289583 51198
518174 42650
279374 45114
299949 61088
721245 10183
691470 6255
653090 30435
327191 79779
555990 77330
575687 80347
815497 79477
321316 77810
940168 5041
967578 21293
489305 15635
682019 9082
585310 81139
633016 48130
632950 49762
930149 5733
955861 9366
766673 54992
348173 80901
688421 9128
376857 65051
103130 82318
909029 13783
803499 82985
149346 57942
851352 66434
206512 10342
243106 11065
957732 11094
521160 44380
473110 7855
386835 57448
357254 75174
406737 39031
290549 52513
651686 30505
699723 4822
292113 51828
345795 81192
129184 72171
147723 57177
155866 50460
206614 6360
583303 81038
52832 51772
129470 68187
460861 5948
520420 44462
908799 15646
481164 10696
709157 4387
958202 8414
71728 68209
177739 30683
308096 68526
871090 48253
507470 32674
206670 12099
812625 81042
822034 80437
425540 21516
739934 23721
948105 7242
996987 40954
811720 83664
823515 82938
206712 11003
966103 19630
882639 40892
757779 42564
263639 25348
82955 76759
177224 30819
633030 46591
490806 19576
177552 28266
661998 22904
908974 15915
623571 59316
693508 7030
644619 36594
607733 70422
973929 24242
853994 66105
394024 46908
470325 9362
842057 70212
690369 4108
83862 75208
271354 35535
80599 77806
356129 79030
823626 81703
776223 61120
929129 3525
414193 24567
852881 63195
406588 38567
556467 73048
489888 19007
538634 61630
568198 80462
234664 7200
623458 57886
934966 2260
165803 38852
479975 9790
138056 64000
928460 7463
681303 6710
681134 10156
870950 46457
510769 36782
358771 78931
604500 74895
823583 81183
329170 80605
463178 4146
958765 12478
968014 18613
443419 10323
166588 40506
395434 48407
709794 6774
424668 19779
357709 76187
679592 7650
252626 16697
338924 79532
709076 5787
881074 40481
966497 17740
525389 53856
595839 76879
56096 54688
489659 17831
273792 33113
164857 39998
973364 26473
728998 17322
506945 33479
939272 6184
483820 11950
336988 82243
358627 78107
377692 66400
948136 11355
593579 80325
602613 70757
207243 9307
426178 21203
405938 39091
194846 15442
207288 11673
242939 14432
74108 69307
272160 34031
185381 19905
652305 29980
81949 74283
289766 51763
804767 79069
491281 18056
804451 79939
936175 6255
311756 70355
601977 71914
624983 58155
253928 19202
568686 80090
719798 12868
207543 11762
588926 80919
207576 8243
156196 45702
689945 6406
604310 74646
946162 10390
653235 30122
577199 83486
331689 78769
75386 69169
71519 70341
234863 10241
817127 82928
188098 20456
149576 56816
310646 69918
824685 78314
652729 30793
650972 31715
424480 22829
576558 83451
679096 11091
890417 28615
385610 56429
425203 23137
129472 71557
445326 11920
786631 71066
596239 77212
861450 58635
208034 10996
643740 40343
383031 57740
945704 7248
643008 40363
554318 74657
412978 32864
568335 81540
393415 49575
853012 63858
890802 32577
755933 41377
632420 50790
976359 25309
842354 73435
917561 9493
539590 60101
786449 70083
537370 64761
426590 19755
356383 77185
735982 23656
166923 37595
596481 76065
595741 77027
147607 57355
252952 19101
803433 80523
900688 21803
441399 7707
621490 54145
617037 68327
499539 25686
765496 53999
967819 21012
821344 80974
884256 37822
498897 24718
311018 70451
674496 14049
366984 74499
530014 51855
650770 31347
758541 46139
768681 50868
167434 36953
758069 42351
594505 77623
272638 33606
479844 10794
945807 8388
518164 44147
349577 81324
119591 78744
736561 26798
368718 72322
281695 40272
821189 79260
777386 62496
337147 80841
968638 17681
757523 42948
577274 82402
994962 45982
909084 12815
644075 40104
190732 21506
282331 45063
777936 58643
520540 41109
669619 12877
785839 71449
669521 15482
586381 79708
539201 62935
164059 39643
585054 80117
185644 18439
916518 8802
269871 32234
418912 29552
890578 29393
291887 52110
82944 75924
60541 62097
587823 81207
329407 78322
804309 78908
464253 6422
270467 34044
862964 56180
795392 73868
518274 44778
299941 62705
611046 67315
300748 61799
870590 47231
927190 7100
699204 5140
73089 69072
301206 60883
51564 53558
60806 63178
517193 45965
956575 11687
319000 71049
147735 56361
509462 33854
861303 58285
423291 24349
843110 72327
870974 47558
110548 82075
60854 59818
807097 80066
407617 40871
185538 22362
680241 12707
699685 7314
177277 31824
280710 41169
642654 42071
497689 26256
272312 36274
510584 33429
518015 42999
72800 68844
688181 6754
413761 27608
433462 15521
60991 60488
509336 32441
842739 74782
785989 69870
488376 17212
842916 71562
739570 21972
878545 40088
653639 31552
159875 45251
871929 51845
831730 78010
146136 58524
878298 38460
61119 61889
833158 78407
691448 5230
356312 75379
821714 81467
369191 70929
835607 76682
549393 71855
803902 81633
61171 63662
61173 58886
359185 77909
917216 10468
785504 70751
367941 71693
121448 77323
995155 45197
282983 41327
441701 9343
977393 26171
61232 62031
625703 55195
731672 16627
453352 6670
444007 10066
273106 36840
470999 7157
614068 66040
870443 51962
758656 45798
385074 54433
61275 60313
859483 57707
842767 73084
947364 10349
938713 4347
280537 43643
131664 71904
166219 37165
636089 47816
673239 15482
413839 30763
519004 46083
916759 9324
711386 7981
396572 49205
938373 6895
403622 38476
269954 34327
92558 80094
872809 48400
417206 29155
336930 81418
586140 79355
383235 58107
338697 84373
61398 58096
680698 8221
584870 83672
166435 38995
736852 25156
651937 28922
583895 81019
584008 83832
414192 29835
101645 79897
670732 14366
302360 63547
280401 44534
754582 44156
709437 9585
700790 5412
795254 75614
633533 48004
632316 50208
663828 19968
898793 20523
880876 41730
786661 70312
739363 25251
481367 12294
664357 21136
554611 73846
271932 35867
299836 64057
698937 6300
337388 77144
785386 71142
832393 76237
348274 83752
607958 73339
481453 12112
820531 84049
61603 62722
925068 3673
739637 22644
975277 24466
983920 36281
795100 77188
80915 72546
337356 80852
605676 72139
801487 81327
98497 79504
927331 5100
984359 35512
661521 20214
61707 59937
784413 70639
61719 63099
71427 68436
783908 72692
61726 61108
441452 9499
557071 76201
149503 59735
366887 71306
491993 15039
61741 60336
360195 77601
826636 79892
889294 28836
575118 82213
986151 36042
812836 83247
376782 64913
835296 79685
425162 23952
368308 72228
805348 77653
825923 83594
185981 23188
147173 60138
777207 63198
169037 36727
767217 50911
996341 43368
527462 54737
757329 44168
137610 68545
577555 81185
461035 5806
897429 20483
493862 17346
211529 6689
518625 43289
775736 62424
917187 11004
880685 38973
472546 6144
497398 27141
138914 68141
670928 14447
211766 5245
944998 10033
518470 45145
108942 78801
367009 74965
130864 73624
254931 15406
604968 71554
977133 26253
299796 61286
833027 78036
672839 15496
815750 80695
911663 16966
881497 39326
138370 65974
910664 13915
321295 76469
805744 79806
613567 63318
369232 73415
377723 67165
955379 11692
470032 8628
140083 66079
794492 75960
851452 65786
310783 68036
758015 42606
190576 15004
841788 72775
841224 72008
870776 47557
626887 56116
140536 62601
691392 9085
547941 70172
280084 43912
395995 48687
668071 15463
757143 43522
100229 80070
311287 69396
53504 53031
588570 81304
804056 78818
919804 10288
667140 13733
54468 56576
385794 55736
925407 5436
441331 11279
873667 50673
889209 29820
747580 33781
109427 81051
415659 29937
899895 20302
292581 52733
150683 58448
101019 82047
747321 32705
234864 7035
845839 73654
71296 70266
366315 74389
404246 38659
947095 8902
649602 27789
681943 9591
284058 45704
443810 9345
803777 80114
813772 79964
269424 36658
795500 77333
311836 67840
793709 76044
364162 73341
919680 6876
510379 34121
310095 70018
728676 19494
765326 53862
689790 4297
328620 79004
368675 74582
567795 81294
511972 35441
604752 72638
528485 51493
948054 5771
556760 76615
234810 7859
101217 79585
882050 39794
802008 78334
213174 5911
766535 56142
587178 79731
644347 39137
586575 80361
301215 62858
521666 42635
270877 33450
366625 73508
259491 27990
263584 25149
422512 20504
595132 76371
711514 8228
692135 3951
755421 41804
660913 20763
821828 81915
652320 31303
186557 19120
967424 16571
583385 80427
739041 24353
53472 50974
792380 76296
509229 37132
690318 6644
121323 79380
547372 67172
291124 54875
291435 52483
755575 41018
655606 28811
260248 25112
537344 63628
309918 71290
405875 40681
269449 32630
944206 7956
310077 69038
919939 8980
860220 59958
141303 64391
586861 82846
680050 10769
651052 28148
309450 66558
978011 27008
973270 26512
745642 35424
597673 80942
376542 65943
700107 7177
194663 13397
881533 38526
567907 79854
424249 22705
160166 49725
460864 6266
899789 19483
262195 25543
635290 48278
577232 80640
634501 48338
891660 28492
272220 35871
967502 16557
499805 27576
975829 25482
825775 80324
137340 67743
425006 20194
243496 9568
348235 79395
318168 74203
540351 60861
79277 73742
641712 38805
244093 11796
168020 39752
348563 80223
689366 6346
185614 18217
694089 6497
520790 42034
911354 14578
90881 78741
641476 38303
167774 41297
899318 23541
985462 34237
938704 3816
112068 80786
679412 10481
482282 11688
500148 25221
338836 79446
554862 77394
405570 38884
290678 54313
757039 42382
586801 82542
995020 42793
469458 7456
795426 75959
255567 17948
927626 6412
98544 80751
54480 53173
663363 23557
710485 6567
595649 78617
738399 23049
877964 40813
482402 13681
158686 48452
213895 8610
645354 38959
881176 38164
975340 24553
280860 44135
90884 80485
557293 74667
730603 16566
643821 38366
718332 9418
291026 53890
213927 5879
128130 73704
433127 14291
422571 24069
616103 62895
577700 80664
966141 17242
592075 78038
348053 81934
235280 6740
794360 75514
648836 29808
464200 5515
640619 38032
660614 20005
711142 8357
260749 25460
514203 35916
159703 47420
72882 70067
660893 20235
649855 29668
213988 4117
736867 24783
180985 30266
509235 35364
452518 7661
983727 34563
367343 72415
356958 80252
329297 79776
871279 50516
51500 52632
968214 16763
738499 22731
386035 55947
214060 5737
443046 7042
443853 9264
662344 22544
140854 65969
109475 79202
214086 7306
663717 21856
377110 66534
661327 23292
778044 59590
214097 8776
642225 40777
186414 23328
406397 40273
880432 38203
870903 48635
954419 12206
548394 67919
214136 7464
214137 8245
146853 56553
214151 5607
529059 52759
891190 30031
787716 69521
788133 68365
479961 12507
529170 52134
81290 72290
140785 63871
527577 54556
959417 9335
964648 17867
832579 78202
585380 76049
879472 39301
461261 4281
83114 77438
214200 8117
422538 20258
737856 26190
861607 57667
768728 52653
387180 59015
604667 75062
442975 10497
482163 8784
298580 60685
776659 60676
843731 71795
662112 20621
727646 16891
948227 11046
576323 80621
565386 83016
624883 58521
326644 79683
463956 9450
286977 52058
994176 44070
97758 81177
214309 6051
395521 51372
650468 28759
767113 54143
376518 64634
701948 6952
214330 4873
167954 37161
82979 74087
454682 6865
917017 11199
170080 39441
490214 16826
747129 33022
412228 28484
405732 39985
403580 37526
262844 24749
813418 80761
851594 65498
406788 37252
889349 27087
965065 18423
651963 29983
350109 82026
547200 68602
156202 49383
652481 29949
394273 47437
966981 17037
242205 11222
681665 7140
431493 12642
700500 7960
375816 64986
757997 40992
97053 82281
251772 18334
100749 81518
765322 54876
81607 75585
329726 79186
825545 80784
881635 40646
434029 16521
744085 34957
175084 25883
850868 65053
262049 26385
928155 5510
51921 55133
288997 55217
762162 54114
842909 73781
82273 74807
955195 13426
764653 53707
488659 16584
147530 60876
765580 51904
510533 34735
652623 29888
368369 74092
976748 23828
764906 53316
624069 58327
518754 41226
614056 65481
214585 6777
166143 38111
832152 76949
315411 77880
719786 13476
259997 27206
557374 76300
284072 43949
489422 15904
80375 75588
507047 35174
890031 26998
785666 69620
403850 38157
471140 9051
862659 57606
139564 66298
884012 38981
214628 2562
768555 54608
586267 81768
337672 81293
651453 31170
624671 56886
920334 9030
816720 78596
214643 9893
377418 67812
823318 82321
471844 7301
129540 72341
652388 29278
579905 81282
948763 8943
307071 71073
595248 77609
775492 64812
281034 44087
101915 81247
578063 79927
899951 22095
586634 79338
139853 66632
777277 61877
889512 28628
214690 6307
879465 39194
738327 24991
157982 47546
460674 5229
366171 74822
118519 77339
535918 63149
566399 79191
274564 35764
91268 76884
861294 54807
487274 17525
348273 79806
965973 19122
719712 11652
653292 29744
432533 11141
493211 17851
480189 13245
262952 26519
566299 79397
329571 78659
558498 72964
660316 23252
461911 4372
410531 31668
821970 80483
785806 70386
271890 35447
178976 30407
145300 55929
301470 62115
166388 41092
318448 76417
329556 79668
263709 23060
622914 56396
435829 13245
604955 74402
697019 8089
435277 12711
907223 15068
358184 76188
832056 80504
214864 4012
568945 79696
689633 7905
823208 79299
366799 70868
417176 28819
984342 34466
250859 15165
991372 45502
176831 28857
967386 17024
995170 42613
189746 19609
557158 76141
214922 6434
214925 7203
508629 35439
214935 3588
463063 4776
347510 79975
339769 81573
806700 81055
113853 79675
308498 70536
263253 22870
179399 31824
166292 38917
950306 7836
462052 5196
670305 12659
717635 12493
682899 10425
498156 24690
672744 15021
516677 42339
186348 23119
184381 22004
622540 60081
450415 5281
441115 7553
243243 12694
697465 6286
382849 56466
339452 80279
339994 80720
348081 83058
633649 49025
242169 12230
167875 37408
377045 67096
987781 33056
747550 34808
815730 81821
112926 81583
651121 27809
90758 78432
947186 4514
250612 19543
864543 55468
215117 6522
91580 78092
634175 49581
776928 63995
519647 45725
597514 79527
320019 74602
424344 22420
177758 29485
757407 43544
308399 69126
680943 7078
319032 74391
322208 76171
642990 38800
92428 80630
490484 17085
983630 35506
394737 48652
547443 71598
118870 76814
367305 71545
243137 9276
947714 7440
454611 7429
964789 17681
934936 8035
680718 9560
451175 5772
567324 79072
442870 9999
168272 41289
617322 68156
912496 11078
643069 40604
148582 57344
813699 83655
443997 9109
747384 34161
175404 27579
870124 49628
556050 75434
824179 82082
272083 35188
986700 31997
909493 14308
606776 70332
480430 12223
215303 5955
854597 65656
653439 29469
793312 72472
117672 77183
339818 81946
634814 47261
935544 5397
614685 62312
825366 81530
614239 65065
982541 37041
310053 67750
785650 70312
890024 26874
811607 79733
509196 37296
117438 78060
757167 42682
614261 66259
91174 80458
880778 38794
825341 78626
872274 50844
785761 66136
919882 8453
155412 48573
253372 18208
955623 9752
876750 38590
215448 6373
268714 33140
127012 73117
671996 13052
65096 61253
638675 38612
662189 19989
309357 69367
316377 72376
263779 24188
264248 21958
406398 38573
319037 76518
936381 6144
603075 73771
747573 36638
102283 82693
434585 12807
120720 78468
309266 70248
871134 47716
605887 71509
680319 8374
302252 63666
176669 33011
413653 28865
720945 9102
671979 14033
766214 52935
79744 74339
111463 79501
729452 18869
432051 17220
385623 54837
892691 29103
690592 5052
927030 8208
909338 14124
166377 38042
129280 72725
328874 78153
90767 79217
194858 15163
813714 80785
471797 5354
708594 8569
587926 78199
862294 54059
758842 43549
737891 22896
882743 37201
519291 43491
510225 34944
786352 71283
659585 23258
387236 57477
71954 71817
805557 79295
565302 80825
566730 80581
128814 73645
88703 78794
366301 73735
537920 61213
215708 5683
766334 56193
329534 79980
282775 44198
439923 8680
890171 30036
167804 40273
642944 39617
291280 53068
538239 59159
691389 5385
957468 11894
538670 59832
986801 33753
385135 57105
898144 22920
329823 78778
680637 10380
583872 82004
262051 26734
519358 42032
102356 80650
907266 15881
984880 33197
443855 7713
767546 51648
215837 4484
812654 78495
956858 11328
160676 49006
679589 9691
108117 80416
483163 8628
244476 11966
792819 74276
765570 52423
661956 22792
766492 52434
313704 70435
175485 27249
796722 75687
794051 76329
442132 7658
150954 57098
150141 60530
453938 6143
158227 49138
385965 57445
215925 5394
841047 74462
756782 46655
652673 31208
633226 47706
535974 62356
941262 3690
692195 3543
215947 8324
826285 84877
984782 35173
995889 44941
328597 79561
568072 79489
796028 75513
992431 43038
520777 41667
603756 70626
557022 78777
832145 75210
606110 74502
480377 10511
216011 6093
402621 39628
900225 21392
672087 12948
596125 79033
550162 69146
395270 45430
547632 69508
869769 48549
311218 68624
500983 25517
461029 6314
841858 75306
672162 14503
786530 70793
291867 51893
397680 48378
756197 43700
472187 10054
633981 50210
671465 12172
216108 7286
975339 26625
463030 5899
118379 77636
566610 78313
112776 79888
347225 82016
135522 64316
632885 48895
73319 68720
299074 59839
422418 19859
745689 32916
984413 34543
945949 7346
479713 10880
359010 76772
776106 61006
565055 82631
937267 4894
479615 14781
330625 80424
216245 4846
728738 18375
99488 79376
796890 73416
585276 83984
642357 40516
593618 76956
413819 26982
616966 67336
71741 65659
594739 76875
290380 51125
451931 6297
927409 7133
786723 68983
975078 25449
899171 22741
423530 18299
528219 54128
911512 15997
777619 64371
281346 43812
659590 22223
216335 4864
291001 53205
813439 82025
216364 8744
921380 9189
956571 10194
216403 6886
168322 36663
473270 7800
178665 27461
264166 26320
90617 78098
167586 39739
463966 5701
577682 82642
642287 38087
556049 76892
272110 34382
576913 79264
623568 57037
235008 7096
642981 37237
54133 53611
967594 19924
500493 23805
889673 29897
140614 66751
185155 20900
300000 64596
891581 30740
822460 82308
357471 78228
557410 77409
445307 9245
401839 37688
216612 5315
813573 83364
405159 39749
365886 73576
509896 33629
178383 29593
413227 29750
918099 12426
185070 24920
159000 49656
871360 49538
459913 4938
860833 56397
120640 80176
155267 47762
860064 58250
216774 8989
985367 34823
957641 14047
689921 5869
176029 31312
890723 30300
726213 16614
730047 19029
921192 8875
166954 38285
100728 77819
853699 65802
804091 80681
719127 11796
751179 35828
413087 29970
216885 5262
852496 64558
216931 7405
216955 6763
148977 57083
662118 19783
547443 69281
478950 8944
795963 76341
337276 78528
994857 41814
70326 71115
831606 78098
281880 44524
670353 13462
518849 44682
331204 77097
662787 20036
949642 8166
452882 5361
623920 58489
815688 82849
138957 66272
556495 76790
111541 82174
919001 5542
530692 54232
535957 59195
821726 80989
217237 6300
288970 53615
92598 78217
351177 82692
462494 4639
651811 30728
413424 27876
937096 5644
437203 14591
82383 74218
709865 8896
50158 53766
423456 21788
217411 5484
823020 79819
367993 72441
310841 71701
319649 77989
769424 51613
730100 17800
519358 44605
348351 80370
501183 26047
165440 35621
217616 6837
282163 44581
981724 32011
606035 71083
338061 81660
678582 8531
217672 5131
967918 19328
527701 53466
217721 5538
589425 81332
718874 9565
52334 55468
615500 63980
128406 72901
194919 15493
888837 28078
389220 56965
615779 62297
254066 15898
919288 12475
889083 30138
967309 19012
539686 61860
118939 78749
244203 10252
699114 6157
243477 13745
109222 80020
840731 73025
872038 49066
193100 14341
236200 8018
822862 79013
108793 80618
433276 16565
538363 60961
984285 35140
168056 38408
253019 19053
947359 8834
490332 17296
802501 80884
948994 9243
758113 41474
870645 48813
995031 40559
833017 75196
489676 16353
108852 80466
632922 47729
118407 76306
692819 7757
111257 80032
747204 33372
796354 75057
795276 72900
441466 10070
832620 80646
577347 79552
221267 5194
775920 59714
814740 82823
623185 56797
366901 73206
482481 13877
349020 81504
156894 49382
221501 5025
718808 9333
236122 8992
622983 57039
393554 46116
71492 70961
90803 79550
986471 32241
680425 9797
737791 24187
786851 66830
794179 79574
841258 73514
53425 49212
976119 26012
671378 14296
567473 82842
651064 31927
431363 16657
728929 18605
355307 75825
281936 44474
455096 6516
753749 40819
785936 68807
337577 81074
814473 78693
707163 6842
221961 5530
435716 13258
245243 11594
996161 43482
50871 55024
804738 81464
518004 41999
109155 80761
158763 48301
745862 32579
890888 28398
575442 81265
472046 9456
55866 53191
640454 42461
112608 79988
936568 7152
651702 33437
261705 28711
165404 40818
920483 10106
510240 35654
604240 71700
909874 13388
222224 7393
583772 79676
995889 42288
768186 51879
442562 9746
644422 37971
350709 81576
309139 71488
222289 6504
520365 46145
814197 80637
339448 80325
169401 41930
683380 7797
860766 58323
984167 34967
897721 22896
312452 69515
966098 16659
644020 37245
507427 35521
842094 72475
480971 13285
707704 8859
359578 77664
596268 78343
651905 28145
824175 82065
911262 15106
853102 66968
192578 12982
469140 8387
727823 17956
785789 69033
746444 36662
301840 63431
783388 69607
395736 49991
738112 25173
774910 61939
91627 78364
927433 5756
567334 80739
984654 34850
90426 80052
538924 61679
149205 55396
326524 79523
392570 49123
584628 80202
338718 79384
806902 81492
862836 58878
128548 71795
842776 71233
454232 6551
102318 81166
348184 81805
756322 42120
137974 66356
272899 31053
72048 67754
758437 40574
826536 79418
890042 29040
661098 21512
417525 28400
138690 65386
306788 68250
250028 17257
792619 76189
623445 57817
613090 63438
831105 81227
918974 10493
906430 12505
245390 12831
699467 5259
434413 14777
843393 71555
331738 80613
663405 20060
157587 50166
718173 11433
769556 55401
946651 7027
627224 59742
689244 9400
404792 39180
588957 81049
291535 53255
360160 80477
673178 15012
766606 53523
968241 19490
823199 78601
501594 22248
64317 62949
978303 26180
465242 4436
309074 68993
222952 7337
137120 65858
328650 81675
804648 79380
242805 9074
366508 73461
460559 4741
681113 10821
333342 79874
872928 48403
728174 16937
660569 20671
128548 72319
602904 71838
911094 13500
63383 64795
556763 77942
721137 10367
140225 67177
528863 51978
890280 29028
815063 79884
915136 9886
635523 48699
824848 79470
939957 4311
746026 35603
502116 25580
843930 74497
615820 63402
901790 20328
918947 10347
223091 7011
764089 53258
870326 47962
536070 64780
440778 7775
223106 4415
651651 28614
395625 49694
328941 77606
442369 11095
699514 4780
644529 38332
488605 18012
852363 65938
575237 85110
681084 12032
253756 18528
839211 72955
745009 33750
471635 6850
272714 32385
406028 39671
188529 21871
499357 23687
484031 11421
399439 49158
510198 34136
245335 14200
569953 77746
731877 18713
691885 6997
910159 15716
662933 23039
394122 49288
996614 48405
351353 82347
672250 12480
958137 12689
413651 29478
272188 31484
633678 48286
372656 63047
470256 8021
690516 4067
928149 5193
699408 5620
898914 18928
976354 25255
479851 11201
346573 79951
441530 11103
816455 81667
177145 30760
879947 37811
824984 81653
717749 11357
516907 42994
669469 12554
956160 11609
957500 10600
454969 7773
842626 73063
718542 13987
575643 79914
852188 66768
451257 6376
167462 38321
691575 5665
385542 58027
146888 57311
330525 79396
471576 7168
482701 9988
702053 5711
633812 47918
926635 3762
270816 36766
776113 62092
717888 10203
241258 12976
569739 77227
120389 79626
298979 63824
548868 69768
423695 23420
328845 77823
309914 68024
223518 5718
644517 39706
869199 49926
223533 4088
223534 5446
481134 13257
907196 14848
607625 71815
613645 67436
549598 71000
155878 49251
631106 50929
669836 10624
955970 11997
709965 6319
166710 41971
223617 5755
462788 6115
947876 7043
138384 67042
882587 37789
785545 70684
300165 62183
412728 28992
584696 84880
766438 53963
948132 8889
583010 81580
775531 62673
740063 23672
522518 42989
139417 67904
415858 27951
558058 76837
291630 50486
357695 81200
329815 80749
359014 78979
393752 47126
55586 54117
318814 77647
453531 4312
670691 14166
811185 81549
739941 23810
718939 14131
102173 80919
765287 53042
149181 57491
346747 81789
283164 41817
263146 26150
223777 4014
193934 14687
253029 18346
110417 81912
323783 76288
861485 56631
592310 76769
318975 75118
177458 29501
406365 42194
521545 45025
716879 11584
367977 72767
192986 12803
53576 55331
594547 75447
461780 6272
613141 65699
54843 54984
918589 7438
395894 45132
53476 54183
387159 54403
690077 6753
510726 35798
423564 22563
501663 25237
548747 69399
583547 82524
879531 40329
354263 76172
949157 6725
965475 16608
984871 34492
300715 58257
118647 77066
765764 50956
321650 75646
546502 71651
636954 48506
55037 51204
100484 81485
834169 77091
804847 78564
252117 17926
443291 10635
377113 62378
805067 78244
88912 77299
559281 74480
150480 60132
70795 71046
367330 71243
937362 5212
224009 7559
652150 29826
701325 4261
342541 81616
242371 13098
264540 27164
280768 44454
660450 21823
836934 78196
64527 62250
433758 13940
470113 6836
224062 4642
121420 79456
147285 58902
72089 69190
434832 12902
558017 76017
937546 4894
114785 78208
652078 30136
834467 79194
730526 20609
186319 21492
595605 79476
347702 81284
156864 45495
235159 4514
72186 66820
362502 69133
845478 71808
813066 80407
531456 50519
368917 71418
358244 78430
671596 14231
946012 4743
861017 58048
900049 19248
499886 26313
558964 73747
464271 6809
441632 9255
879931 36640
861106 56138
835209 78123
374742 66699
250785 15857
940165 6002
164982 40053
776726 57797
434433 14786
804346 81371
786900 69342
282649 45174
377977 64356
738327 23243
615058 65846
510838 33502
158829 48413
280419 48177
224249 4867
529761 51833
977537 24532
449084 4776
840360 74737
168495 38043
735827 23726
729491 18298
690436 8243
292448 49852
129424 68593
224280 6917
224282 5469
71531 70907
224286 5026
53440 52320
592330 79357
327419 78192
280810 43424
118289 79962
728786 18752
224298 4203
681472 8101
556553 75998
890689 28940
576900 81402
396222 47710
717856 12419
520817 46040
993918 46015
263726 25108
879932 36149
462852 3902
778507 59546
939311 7934
739780 26685
108672 82374
480974 12383
824368 80887
224342 6380
424475 22150
319451 77904
385673 56247
444139 8496
385319 56357
387997 57234
357340 78560
298158 62489
455612 7755
358377 76056
887897 29743
832121 77479
594148 79795
859709 58111
503306 26003
853507 65219
224425 5249
814830 82321
471695 7353
871129 47395
882491 37350
558738 76185
604044 76635
530574 53367
947849 9522
671325 11321
510293 32829
129302 72389
811076 83575
348031 78541
186120 19811
120094 78222
947758 9144
251728 18751
945598 7111
880493 39369
318055 75522
547327 68725
340410 79054
175444 29800
937978 4548
288260 55188
578125 79330
395989 51146
337272 83976
168617 40499
948381 7679
483707 12069
176787 30164
862797 55294
357940 77090
670977 16118
319627 73845
491482 16388
367775 73447
176871 29852
566340 79112
861287 58251
224562 4643
102112 81696
291375 55212
224571 4982
415829 31102
662316 18439
450187 6162
414614 32458
672212 14868
520251 43994
720999 10621
669869 15138
663049 20197
298180 60929
224625 8292
678761 9466
255709 17264
110699 79670
567278 78606
291724 54098
255965 15685
289888 52690
140727 66173
774901 62906
142083 66823
224684 4419
757101 43261
336270 79071
698661 4124
146547 54647
511091 33489
386811 56875
635661 46110
281856 45641
928447 8528
319211 75354
540146 59992
311114 70488
854257 67522
784031 69920
900228 23155
50972 50628
558225 75382
224792 8133
100425 81968
118782 74837
254876 19802
328036 80583
135372 64706
768289 50427
111296 81659
479656 11744
842704 72631
427884 20905
852987 64212
596839 78903
243953 8914
347655 80652
947910 7537
834363 78416
350256 79300
147908 55215
224852 6076
600657 72342
643897 41267
784931 70521
92829 77642
244037 11290
53112 49509
509830 35875
224885 4885
873029 47744
853609 67439
888710 28445
224903 4777
852169 67941
947475 4991
431708 14511
711390 6093
816341 79203
679253 10904
81850 73808
224938 6236
224940 8194
908877 16329
813553 81881
595899 74090
481100 14654
908201 13330
224957 7564
287840 54706
902252 23587
500058 28267
576892 83175
224978 4483
84601 80129
964334 18030
549388 68421
596005 76024
739173 25325
377196 66638
89533 78211
508794 31547
564229 82193
492182 14410
225028 10382
888055 29726
413572 29557
501363 24714
252800 18948
82536 79400
177607 27002
550437 67943
909329 15110
529887 53694
626184 58451
699276 6273
157845 50266
622388 57599
814236 80710
604653 72203
902785 20990
993952 42681
586696 81229
92176 79439
254084 15734
955739 12510
165824 39468
441342 8152
918787 11088
80181 75337
546897 69794
689970 9206
618735 63218
754858 44351
394329 47358
605662 70863
669425 16153
242135 12110
479751 10885
986821 36685
385139 55520
376896 63789
994485 42832
311776 68726
225160 4546
576736 80643
83217 76335
953097 8297
130372 73624
746082 34016
508877 32316
805249 77525
225214 5895
225214 4652
598110 80059
307736 67838
748286 33035
605220 73970
349920 80371
366323 74911
976508 25413
128501 73433
463208 7557
567581 78901
445833 9892
859537 58576
593503 77138
862696 59728
225292 4483
350479 80297
416050 27763
604690 73528
575813 81088
167864 41139
634531 48404
509257 33853
186340 22930
786336 71754
319036 77232
528932 52180
139192 64620
118669 78064
492032 15206
938069 3212
471647 7696
252331 17215
546807 71025
110860 81328
444495 7866
120873 77333
967230 20737
709412 8280
166132 39178
369078 72406
357384 80531
567398 78498
416274 24730
578176 80546
298174 60245
862307 60742
633024 49510
167818 37844
405774 37599
568757 78975
766116 52837
355920 78058
349382 82814
278862 44397
470959 4951
395888 49072
146453 59010
499808 25431
260494 27466
427468 22053
253259 17002
786646 70746
81340 75725
982977 35417
463563 5056
777420 59445
824142 79400
920694 8964
788745 70121
766992 52541
890743 29908
984640 35039
786269 70323
348269 80489
519652 42719
187430 20202
679848 8887
118582 77787
528924 57289
554773 76053
83778 74854
186823 20754
148744 58585
927056 8772
311136 71379
62093 60697
793769 77387
662650 20576
672889 15072
384747 58925
489503 19751
823546 81298
319531 78534
480527 12440
566682 81847
378414 64843
766687 54621
549764 70883
62154 60338
186117 23444
641728 37573
273193 35287
62177 61481
396281 47435
463827 5719
740011 28468
925521 6789
578440 80924
348276 79081
62214 63228
739315 22163
254194 18452
651349 29506
976127 24434
452360 5942
319170 77013
519641 45039
395134 47342
320068 73649
500653 23977
403179 40301
481032 12726
928679 4844
454344 5471
129117 73460
498709 25288
899129 20796
596265 78979
291150 51749
566229 80461
691528 4639
968073 17732
377205 63752
558458 75554
621171 56929
824518 79900
330717 80398
161334 48572
966906 18485
528104 53225
671830 14644
690393 6631
744959 33095
633260 49933
487174 19714
305828 69227
462363 5588
471679 6188
440756 7911
337508 83115
62382 60926
872996 49281
814397 80366
617433 65824
642921 40476
461758 5948
986513 35124
515436 42316
240568 12247
357321 78093
612841 66825
339944 82229
974728 24162
659897 21343
491539 19652
699798 6503
405325 37024
577035 82288
272640 32739
633593 48526
62491 63180
62494 60650
594884 76119
576235 82623
938771 7916
815068 80146
146494 56709
129060 73809
916531 10464
78334 75439
327263 78976
157889 48306
568455 79945
253332 19009
509472 35406
659696 21692
258586 26857
748075 32748
318853 74271
906295 12097
993387 43884
318171 75038
546749 66818
433903 14637
812748 84167
366541 72577
158601 48556
394116 47128
554412 74577
679431 7345
348157 79930
758713 41626
350994 82216
653466 28846
130828 71955
62603 65149
820919 82024
833415 76696
293481 53082
521262 43185
101768 82273
642673 38888
682904 11178
603484 74094
651066 27335
130681 68601
293348 53963
328550 80110
624169 56842
173929 30999
158650 48503
973872 25808
651817 29118
700690 5302
653645 29535
511724 31958
774413 62295
975969 25978
974205 26658
318170 75072
681048 10325
424333 20921
710122 8932
603738 71498
184691 22668
169543 37012
167522 40339
889466 28611
928184 9801
72063 69916
931122 8030
869967 46914
453940 4209
558772 76233
850752 67955
879507 38501
604568 72909
62751 63404
784865 71786
815143 80236
386484 57072
541746 62051
746991 35030
785080 69725
186763 19953
319637 73961
265009 26527
954837 9749
186218 20898
459766 4943
994010 42112
841973 74036
559605 76059
680533 10811
176855 31708
282331 46543
356969 77187
519715 42563
62845 63244
62846 62580
441105 10254
604580 73152
539713 59707
64690 63767
743982 36993
62872 60510
927800 5304
843663 72563
245023 10949
890433 30456
566491 81077
806525 77195
264671 25412
357092 76687
716256 11004
243600 14412
129459 71018
62919 61364
356514 79109
55434 53098
62929 63814
899829 22238
482817 12212
91207 80917
624027 59002
376696 68168
395660 50305
794336 75151
291330 54366
917373 8367
993606 43932
62976 62856
243839 11393
540486 66460
755264 44985
246066 11106
65002 60983
738878 27962
365043 71858
959163 11833
293637 50925
527585 53187
166803 38883
884644 39634
652109 30108
425117 24506
698682 2781
320614 75327
244453 12868
966110 18935
813349 79410
792435 77957
663172 22112
99769 82122
63097 61933
689681 6159
606700 71562
328163 81061
272434 32725
987523 32911
560971 74475
348100 80604
997197 44540
674011 13258
282838 43384
63149 60308
890026 29398
640770 38008
531496 54010
749381 34453
83478 76759
433277 12187
605047 72055
613913 66878
937203 5981
489780 16326
395171 47877
748449 33973
919465 9956
708522 7651
728026 16718
611432 66774
86915 79095
291360 52985
586851 79063
338829 82706
698300 4780
946360 6954
880022 40031
670695 13849
507962 33860
557656 74258
155876 47396
863711 55898
716874 11992
614075 66547
909781 14327
747530 34083
356304 78198
63286 60913
737928 26765
336800 79489
974514 26748
130378 68992
252102 15339
747293 37023
432199 13579
954968 11990
451014 5638
453502 6627
118742 75808
711517 6115
261459 26149
803803 78267
225346 4000
538266 59591
376675 66823
404742 39104
462826 4077
822332 80573
721392 12013
625262 57316
359857 79222
414097 29532
862550 57224
870950 49048
775718 61658
109712 81380
244664 11318
891198 28833
288933 54510
510071 35318
242035 9485
240624 12172
699815 6626
329671 83675
136973 66253
557147 76435
319064 76612
719322 11562
357302 74852
166312 39652
668773 14271
376387 65316
129565 74476
920648 11084
918286 10149
812980 81704
462240 4149
442895 9086
654311 32317
303221 62460
956734 12626
508424 32767
235511 6451
289869 52018
180977 29491
765892 53370
679313 10252
499951 25257
119078 77257
245744 11321
225590 4822
748011 33899
157810 47823
756754 44363
111995 79695
631379 50041
53190 52040
698998 5997
339729 83607
862133 57708
90420 80706
889074 32941
509349 33774
604322 72797
177745 33029
268766 34978
81480 77656
404862 38277
558003 74928
309318 72774
851754 67858
596558 77360
892591 29416
89794 80984
757242 44902
366333 72147
557444 76661
681095 8848
997674 44235
991733 35279
480316 12269
243856 11604
710135 8102
670734 14575
184474 19392
109273 81968
345768 80622
167887 38801
225834 7603
985084 31797
338483 81362
311269 68663
749587 33683
225866 6623
406841 36531
281288 45161
568888 80320
413727 26692
813604 80243
576086 83940
488921 18621
339133 83454
596634 78072
84373 74918
386229 57471
892392 31591
346716 80565
873540 51405
706692 10034
432341 12533
52232 52912
985858 35882
676696 11963
121556 74734
339419 82957
530354 53303
131744 72500
995042 43769
112052 82289
921395 11196
261251 23805
835823 75916
930289 3941
312359 68982
226047 5732
995585 44861
108443 79584
80069 75557
974473 24710
254880 19543
404475 37179
148463 58726
652327 27743
165556 40152
738988 24761
527678 51140
403348 37653
188396 21206
983854 33970
833748 78420
75148 69787
405447 42745
859725 59556
269129 35425
274965 36154
945778 6881
389022 58945
586077 82118
375944 66156
594902 79692
668861 15520
739263 24604
711548 8565
916350 6739
226250 4963
909359 15107
749752 32343
93467 80292
803534 77967
689302 3739
576481 85597
137395 62673
949074 7131
119889 78492
127625 74029
378140 67658
864036 61048
920278 10001
945658 7107
529951 55421
834138 77411
170861 39797
813014 82848
935026 4521
965256 17192
146334 54859
755381 45063
706451 7019
949520 8150
985301 36337
300710 60521
226507 5489
919677 7978
262306 24127
843056 76783
311968 68684
452843 3366
593467 75184
663306 21377
309891 70023
672335 13958
995645 43266
470433 8542
671391 17102
226619 9044
644513 39086
226634 6281
245460 12002
177368 28964
758564 42082
987111 32158
472323 7959
966139 17715
934590 5692
226783 7756
757545 40809
269371 35815
672774 13694
974325 25793
975232 27856
266757 33898
984571 34250
555905 76755
781449 61280
908382 15502
378809 66147
625319 58718
444178 9886
147479 58134
227025 5095
186337 20964
986439 35134
500828 25885
471766 9042
431046 17146
711876 6465
615582 67182
586401 79572
483863 13448
492383 18534
737618 25182
928168 9492
185573 19173
501051 25923
73005 69996
576629 80191
630410 48236
176604 27138
242573 12577
843486 74376
606596 70730
911597 15770
709664 6091
173735 28310
454850 6051
453753 4065
414716 28803
527954 54267
329706 79336
241611 10825
255874 17065
983085 32487
346144 83528
519775 46064
777692 62273
755449 44372
556655 74528
309853 69520
229872 6624
140350 66188
948036 6407
929112 5562
889231 29966
776417 64240
230440 8694
660149 21254
301457 60947
147805 58215
509421 32112
244213 9472
965566 16895
872083 47157
815205 80205
701782 5110
644932 39846
230821 8650
396486 49970
554782 74150
520770 43167
311333 68214
865217 60425
345023 81644
547918 67353
178582 30572
729202 19582
348696 79857
814065 81864
231072 7369
52499 51213
146415 60351
842485 72437
188881 20630
727592 19623
689023 6880
403004 40831
975658 27993
517599 42656
774515 63123
891913 28511
966108 14985
786377 68061
529562 54644
863599 60452
860870 56827
488082 15911
413954 31384
508759 35009
765555 52723
858962 57295
842312 76376
872924 46880
880001 38955
368612 72821
398527 47102
70345 68527
231588 7887
578358 79258
927172 6523
660132 21519
461780 5834
231680 7044
345746 81204
406392 38846
426622 21376
604677 73272
92154 80162
441660 9539
697461 4363
367771 73080
338659 79820
909826 14531
919820 8998
726001 20779
958105 11243
243588 12259
881203 37143
473886 6915
51775 53259
652236 29713
127983 72387
547336 68932
910558 15346
616463 65609
481545 12910
806610 84065
527941 53592
821298 80020
282972 41559
672125 14243
871837 47017
623759 56692
146397 55970
375779 66079
176252 30234
633372 48578
880920 37876
994608 44555
928705 6108
606062 71178
357252 79127
784955 70145
529521 52832
796332 78380
623451 55625
958904 14021
188430 20354
102225 82795
149091 56300
653623 31080
291029 52006
281870 44042
80823 75570
853040 63785
997034 44646
540508 60654
241665 11027
557335 75180
480011 14595
845668 70578
860435 55678
633375 47467
494968 19418
510024 32245
653020 29830
783982 67300
482811 11433
315956 75188
175612 27268
577134 81833
502216 27497
699055 6154
783507 70758
187908 19870
596129 79849
705808 5976
994290 44199
918673 14554
271272 32498
729513 16983
508950 34804
539572 62015
719374 10452
994116 45519
232378 9830
232383 7312
415195 30135
454075 4348
260752 26841
788359 70931
928170 5997
690954 6867
767225 50616
346504 82496
956246 10845
852051 66623
394504 49446
279234 44546
946911 5155
232457 6715
497987 27510
870926 49548
386084 55495
394474 48983
260650 26353
311960 71622
888951 28406
384631 60174
635034 48128
424222 19598
519710 45430
655034 29941
567315 78593
712646 8950
500724 25750
138447 66099
624632 59453
183886 24263
165733 40866
513405 35258
955553 13951
300128 61565
603325 71237
928472 5564
855848 66301
909820 12879
73399 70120
596371 78333
899371 18556
270658 31144
375770 66667
291420 52442
481191 10978
642382 41350
263522 25049
120947 78020
927086 8548
871414 47447
130069 71542
835764 78385
412971 27819
282480 42845
974485 23687
232634 7208
155360 46939
530195 52116
168024 40140
309594 67312
633613 48297
232673 9285
982031 32918
891735 29585
481021 13013
120949 78227
747326 36009
896775 22665
273289 32257
623785 56307
559766 74215
393738 50219
871526 49368
963306 18423
871340 50846
232790 5958
326976 78222
372595 66058
166136 38212
99162 80704
897851 21351
127409 72881
299369 61352
252730 19234
853859 66615
887938 28726
957723 11556
622103 56162
273914 34168
701159 5026
538850 61579
681829 10088
254405 17547
421722 23462
841723 72913
689045 8492
849432 66994
441518 7396
547651 70426
614331 64056
355979 77011
357060 78499
663039 21721
536520 63197
964642 17685
833521 78702
281930 45997
167770 41994
575560 83443
955719 15753
302922 59971
738359 23435
936885 4337
669011 16009
823288 79787
702114 5158
422590 22373
947865 4378
427678 22576
293030 53145
396783 48611
556519 73368
565529 78644
232986 7111
158348 50814
946326 7590
373933 65102
575271 80124
926136 6771
593877 78210
701903 6340
246619 10376
566265 80312
591607 78143
853175 65700
379634 64969
81020 71681
708173 5418
569027 78694
918375 9077
453417 6364
622670 57688
233076 7300
149315 57094
101861 80612
323141 75455
824471 79805
877035 39874
775270 64462
118616 77021
100248 80726
501288 26234
905184 14869
595147 76220
404598 39736
262275 24829
603805 70877
261821 22850
860907 58336
699676 8420
953943 11498
328693 78373
233140 7500
690635 8955
536116 61213
280527 41123
501949 25754
919690 11183
233170 5943
536744 62394
631334 50140
995442 44766
802410 81149
472806 5487
983493 35394
318352 73630
898722 19775
957187 12705
262661 26215
156140 48384
755838 45158
420074 21091
840503 71892
883830 39414
546540 67927
348604 83627
74016 69096
985436 33930
606918 69946
634380 46197
984943 33661
611904 65313
768436 55357
282292 43312
956083 10674
756609 43454
131935 71632
432670 15825
547978 70513
98412 81362
233325 9644
118837 77810
128870 71628
500030 26103
623922 58056
900947 19659
620053 57766
720096 12463
111953 81865
633202 45626
626362 54853
547513 71118
442936 8789
261646 25332
443961 6958
272169 35109
879579 37522
166273 36354
480502 11971
763796 54281
594306 77078
148146 59440
803609 82544
176911 28398
385852 58228
861280 54169
159303 50088
730050 16910
99620 84806
936654 4711
386150 57156
673552 13165
516162 44382
233468 7781
527461 53654
194783 17031
720664 10241
989320 34318
846998 73076
616369 65082
845595 72837
233485 7631
119656 78140
518320 43295
576640 80465
806369 77905
544909 69618
168261 39816
377644 67150
145520 60799
613369 63536
725752 17258
119609 76678
139729 68490
697088 6587
606682 74014
718012 14852
452174 6913
852394 64570
355665 75261
508109 32987
901020 20674
975631 26714
785106 67230
987122 34941
271136 35651
756578 42149
71974 69727
661164 19436
630132 49199
413278 28620
70960 67460
396849 48910
252850 16260
956165 11672
874799 47266
376171 68905
929306 7337
158312 48015
757950 44963
860979 57936
254380 16220
167978 39140
117434 76782
177127 28120
625809 56331
253734 17318
736077 24606
186566 18555
233673 8281
358374 79999
736643 23459
537521 62437
517130 42826
281579 41588
880358 36264
260205 25879
327755 79258
321942 75098
700587 5041
699274 5734
452843 6328
974735 24421
937697 0
329648 81469
233740 8060
177051 29560
680992 8521
499989 25129
910968 13200
137005 68240
318950 75292
99377 79978
650551 30555
511561 35589
272177 34748
594835 77624
233797 11257
82853 78485
242661 10626
920292 9828
732084 17371
605448 75311
964088 19639
994917 42655
670437 15931
422960 20693
976483 26051
119074 76856
841636 76899
337516 79703
423922 21769
662979 21276
898555 24364
900484 22051
148306 55517
355840 77599
936543 3324
518676 43612
159020 46882
283280 43719
613780 66580
699882 4237
489011 17664
345790 82339
460291 4927
233890 9753
64340 61670
329628 79464
787290 68304
845358 72581
919334 8876
785020 71822
116207 80640
233933 5321
891322 28524
851529 64478
594109 78468
777952 62348
480748 12140
360251 77888
119087 78958
271266 31773
233951 9537
431042 15766
803246 80358
415023 31560
366105 72981
585932 79412
254087 18558
233964 6523
585985 80700
812890 78593
568180 80822
918331 9702
757728 45075
783735 68112
574728 81280
234015 7059
368384 72381
944736 9345
539352 61059
254102 18180
53781 52804
908506 16627
168081 40350
462962 3974
234055 7229
576826 81402
234062 6549
384714 56569
93509 80826
642502 38419
804661 77686
234082 9951
120721 77139
235227 10413
261897 25031
139224 66051
737463 25148
681320 8998
765061 54454
706406 6148
234115 9489
234115 8578
414819 28185
660409 18947
375920 68199
78429 72820
873229 49003
994491 42568
863434 56882
938265 6047
642203 39516
672562 13757
347909 82411
241178 13356
863237 61233
481772 11978
717580 11594
821614 83412
871431 49209
806076 78140
690822 4774
633766 50678
709558 8175
338372 82470
537778 63237
889978 29714
670619 15268
179177 28401
194920 15745
823431 80512
416241 27420
871561 49427
585171 81681
108255 80662
452367 6944
634991 48720
69572 67595
672167 13468
482816 12729
186784 19369
679931 8188
917886 9605
510311 34566
281275 45467
269781 33228
957941 13349
555078 75367
177348 29076
642574 41123
714464 11664
996321 41690
164721 40646
824195 80463
414971 33227
869552 47901
640821 38377
556987 74738
434485 13754
156757 46325
355940 78759
481446 14392
250590 17273
149302 57993
346690 79813
680615 11617
652133 26806
234392 5069
538595 63110
498468 25142
234400 7808
70370 71503
659500 23499
537734 61864
281698 45108
644227 39350
956010 14994
946830 5536
291671 50317
309019 66772
574257 80325
889880 27731
364361 70994
748543 32072
234455 9283
740363 22638
234456 6387
877171 36705
433156 14916
548455 70078
938036 5879
931739 5018
71514 67108
378528 65530
510673 34485
340600 79869
80772 73251
832494 78645
272615 36256
52383 54095
308677 70549
574607 80382
52078 52972
490752 19718
784628 68601
119107 78682
841994 73360
681132 7450
234554 11899
713234 8218