260734 25101
748959 33692
537126 62612
824471 79805
706291 4307
778044 59590
689366 6346
86915 79095
871783 47298
178665 27461
569027 78694
852496 64558
918673 14554
537920 61213
185644 18439
882050 39794
701325 4261
59713 61255
349577 81324
984285 35140
377205 63752
669469 12554
995889 44941
850868 65053
925407 5436
129207 73923
293481 53082
193065 12903
510769 36782
981724 32011
815750 80695
632950 49762
110873 81489
927800 5304
807097 80066
484994 11935
168213 39037
157845 50266
909329 15110
596871 81352
463966 5701
339419 82957
888837 28078
720162 13200
880432 38203
442562 9746
775736 62424
166803 38883
983630 35506
226634 6281
927086 8548
822332 80573
853577 67017
518754 41226
81480 77656
870950 49048
98735 81662
360251 77888
111296 81659
355665 75261
624887 55263
659500 23499
83716 77628
234863 10241
328874 78153
482187 11445
148051 57778
232634 7208
204879 8643
757545 40809
956055 10755
140249 65120
670732 14366
603758 74671
214097 8776
863711 55898
214137 8245
849598 64264
443810 9345
721137 10367
690822 4774
405937 38604
669011 16009
966103 19630
518819 43066
586861 82846
342541 81616
616812 66335
968312 19773
821344 80974
150954 57098
958105 11243
558964 73747
816522 79376
159342 46386
331204 77097
499989 25129
136657 65245
169543 37012
659897 21343
709558 8175
481545 12910
840503 71892
222289 6504
643740 40343
557410 77409
348351 80370
166435 38995
671996 13052
653639 31552
671830 14644
264540 27164
612192 64203
662189 19989
179177 28401
290549 52513
56096 54688
100248 80726
713234 8218
719902 11978
774413 62295
997264 43704
889349 27087
594306 77078
80968 75515
146022 57901
168495 38043
302381 59976
434485 13754
90758 78432
546749 66818
338483 81362
301568 59643
403179 40301
71427 68436
622914 56396
718332 9418
516677 42339
670691 14166
661291 21235
451687 8116
482592 11050
519652 42719
346716 80565
300715 58257
435359 15224
976483 26051
833415 76696
776154 61778
614288 67703
80915 72546
692006 6803
688181 6754
633260 49933
994308 45849
728929 18605
816341 79203
462157 6256
166273 36354
322208 76171
226619 9044
519358 42032
788745 70121
375615 64818
611046 67315
690602 3255
472806 5487
555990 77330
680943 7078
661151 21471
253491 18824
319170 77013
842776 71233
460674 5229
595741 77027
936243 7335
670097 14429
274965 36154
967386 17024
996614 48405
891190 30031
737315 26369
982031 32918
624169 56842
859725 59556
204397 11730
318640 76829
242150 14268
441466 10070
583010 81580
188529 21871
326276 80509
588926 80919
282738 44511
461780 6272
359070 78465
764089 53258
385794 55736
62603 65149
362969 73986
195648 12956
272899 31053
481772 11978
320614 75327
214060 5737
312456 71910
63505 59761
413727 26692
395995 48687
560971 74475
645354 38959
206512 10342
92558 80094
461035 5806
777386 62496
997197 44540
395270 45430
851319 63257
422590 22373
279830 46174
631222 45947
947364 10349
522518 42989
671275 13498
328650 81675
498709 25288
625319 58718
396849 48910
617037 68327
642990 38800
357384 80531
407031 38958
736561 26798
643897 41267
544909 69618
758377 42037
319037 76518
260776 26688
832121 77479
127625 74029
52670 54339
728251 16302
65412 59757
909781 14327
768681 50868
208034 10996
146494 56709
544411 69713
839211 72955
508424 32767
481779 10563
375920 68199
880493 39369
939957 4311
965973 19122
757427 42029
568686 80090
766535 56142
99162 80704
826636 79892
366887 71306
480189 13245
975339 26625
577232 80640
195840 16195
777952 62348
711517 6115
281936 44474
821298 80020
451257 6376
237205 5794
699685 7314
566682 81847
241665 11027
823300 80213
852363 65938
195871 13971
158886 48573
81492 75060
280200 45548
661569 21655
833158 78407
497398 27141
222952 7337
632922 47729
340600 79869
625097 57756
958137 12689
813439 82025
783388 69607
178286 30293
80069 75557
129302 72389
851307 67548
757592 42529
414637 30490
165440 35621
802336 80000
185070 24920
216955 6763
615582 67182
196004 14859
574802 80306
946012 4743
851452 65786
399439 49158
710485 6567
613890 62618
575813 81088
825375 80426
242035 9485
984167 34967
338829 82706
814197 80637
519028 43084
288997 55217
597514 79527
699514 4780
568888 80320
406365 42194
737928 26765
566538 79501
499805 27576
158686 48452
309074 68993
462852 3902
91268 76884
568999 77427
395888 49072
929129 3525
101861 80612
518676 43612
309266 70248
395736 49991
480316 12269
966906 18485
634531 48404
663717 21856
948763 8943
339133 83454
596457 77825
98544 80751
488921 18621
261981 26526
919465 9956
955195 13426
167770 41994
831606 78098
336270 79071
557147 76435
149302 57993
450363 4461
395434 48407
482481 13877
947849 9522
413954 31384
123243 79612
471797 5354
261014 30344
159080 49756
65002 60983
156757 46325
518470 45145
488605 18012
672125 14243
225160 4546
431046 17146
766438 53963
253372 18208
672990 15060
146453 59010
690097 10084
852881 63195
947876 7043
681012 7602
766670 52945
567324 79072
326644 79683
337276 78528
53425 49212
758564 42082
463063 4776
109712 81380
415808 29076
500692 25842
911084 14202
976127 24434
642673 38888
785936 68807
139564 66298
700617 4750
653292 29744
975631 26714
205755 9337
635523 48699
671356 15312
663554 21270
785806 70386
234456 6387
950306 7836
758437 40574
975340 24553
670437 15931
120873 77333
861607 57667
827708 83514
615711 66203
280860 44135
986912 32609
566491 81077
679240 8799
757329 44168
186218 20898
870974 47558
241178 13356
669836 10624
670235 14521
888055 29726
221267 5194
556655 74528
204990 8984
159703 47420
318613 76599
567408 82017
490484 17085
150141 60530
935497 4895
167434 36953
744959 33095
651052 28148
584870 83672
889209 29820
567249 77796
621490 54145
692302 7601
445307 9245
689681 6159
672498 15045
366105 72981
879531 40329
798140 75235
642472 41134
862294 54059
977133 26253
119656 78140
121206 77322
842094 72475
548868 69768
205799 9374
811720 83664
879465 39194
196564 16233
558772 76233
578125 79330
592310 76769
500751 24360
567334 80739
907223 15068
224282 5469
986801 33753
129580 72361
82536 79400
766687 54621
510241 31112
167701 36245
165556 40152
120720 78468
593965 78717
509875 35306
841224 72008
196648 17136
527585 53187
594505 77623
211766 5245
966354 20426
908799 15646
701159 5026
346144 83528
243578 9466
480430 12223
207288 11673
786661 70312
478950 8944
253525 16801
233140 7500
156196 45702
975675 25741
83862 75208
263496 21508
186784 19369
538924 61679
112926 81583
501256 26512
462363 5588
214136 7464
217237 6300
101768 82273
91430 78312
576558 83451
758069 42351
518004 41999
433903 14637
310216 66483
499357 23687
785761 66136
368700 73763
758656 45798
707163 6842
406588 38567
728294 15692
758015 42606
459766 4943
90426 80052
348563 80223
529253 54456
91207 80917
359857 79222
140785 63871
869655 46648
118519 77339
337280 83202
360160 80477
631928 48148
310292 69172
509336 32441
947714 7440
279940 46083
558498 72964
250859 15165
376696 68168
481021 13013
293637 50925
804346 81371
949074 7131
118379 77636
205269 9557
472750 8208
120389 79626
157280 50187
994857 41814
90881 78741
889420 30116
487274 17525
346573 79951
568072 79489
160742 49763
176252 30234
654311 32317
716256 11004
489888 19007
167962 39524
690635 8955
100409 80158
947475 4991
898009 20701
490542 19482
283164 41817
653623 31080
613780 66580
300165 62183
250028 17257
309139 71488
918947 10347
433759 13641
945658 7107
625262 57316
138370 65974
108942 78801
966497 17740
918046 9973
379634 64969
348073 79437
433385 12497
121323 79380
471111 10776
481134 13257
269781 33228
240624 12172
245776 12694
909826 14531
282331 45063
586634 79338
918682 7796
414901 28444
244037 11290
521160 44380
699723 4822
680824 8316
777207 63198
403622 38476
147723 57177
323141 75455
554773 76053
546644 70221
463563 5056
879557 40445
487174 19714
177373 29915
337577 81074
710879 8966
567907 79854
756234 43008
853994 66105
785989 69870
928991 5548
615500 63980
82522 75609
168617 40499
386229 57471
540351 60861
272640 32739
169037 36727
211529 6689
501594 22248
80010 74970
254102 18180
661521 20214
527790 54255
377644 67150
233933 5321
958765 12478
272160 34031
871279 50516
652388 29278
455612 7755
517812 43720
702308 8307
954968 11990
890823 31179
815143 80236
554412 74577
756190 44382
402801 41210
860640 57381
841796 74306
464770 4785
691554 5821
765764 50956
197687 12995
233740 8060
83179 74426
813349 79410
947123 7351
283255 45756
80599 77806
243856 11604
255567 17948
937362 5212
519291 43491
623568 57037
348031 78541
148072 59766
357321 78093
643202 38770
845839 73654
840292 73856
469360 5720
822570 81161
538976 62159
263522 25049
569739 77227
993583 42984
743336 33082
640821 38377
272220 35871
102225 82795
721392 12013
244453 12868
404139 39434
652078 30136
198040 12842
681084 12032
975078 25449
367067 74679
527667 54062
958202 8414
414193 24567
234664 7200
634175 49581
644020 37245
269449 32630
291330 54366
423976 20846
91390 79527
591607 78143
243137 9276
102177 80207
973364 26473
71974 69727
356383 77185
755449 44372
690436 8243
812091 81512
226783 7756
498365 24644
198304 14773
252800 18948
844558 72597
918247 11840
216108 7286
757950 44963
604955 74402
899371 18556
270311 34539
690516 4067
499666 24896
513405 35258
70370 71503
871996 46672
869615 48315
319036 77232
786900 69342
642574 41123
662787 20036
720947 11568
271932 35867
823288 79787
831730 78010
955970 11997
470325 9362
843346 69161
216011 6093
705808 5976
786851 66830
781449 61280
899171 22741
642502 38419
730603 16566
597673 80942
422960 20693
538595 63110
146800 54077
978011 27008
986821 36685
464384 6586
282331 46543
424344 22420
709412 8280
586401 79572
129280 72725
565824 81254
357254 75174
701903 6340
569430 79315
414980 30957
765661 50661
806369 77905
56289 53357
206670 12099
367330 71243
678956 11112
431626 14843
451977 3600
215708 5683
414971 33227
207543 11762
957500 10600
967578 21293
278862 44397
530692 54232
215303 5955
736867 24783
471588 6442
794552 75526
529761 51833
119107 78682
489654 18584
375779 66079
118289 79962
337508 83115
489503 19751
348269 80489
288970 53615
102173 80919
621501 53366
461758 5948
415858 27951
263584 25149
680992 8521
557364 76115
518274 44778
50158 53766
633812 47918
557888 77371
700210 3823
623445 57817
786449 70083
328036 80583
108672 82374
881180 38699
576640 80465
721448 11529
663049 20197
910664 13915
345023 81644
817127 82928
969000 15616
128548 71795
269371 35815
699882 4237
100425 81968
216612 5315
853102 66968
568180 80822
461120 5326
948136 11355
872928 48403
395989 51146
348696 79857
262661 26215
500058 28267
111080 83537
579905 81282
690393 6631
974974 24179
719127 11796
454850 6051
698998 5997
870286 47900
738399 23049
388427 57961
652729 30793
225292 4483
815068 80146
91174 80458
994962 45982
805249 77525
673239 15482
530354 53303
739637 22644
233951 9537
318950 75292
350994 82216
404862 38277
554611 73846
176831 28857
567473 82842
319064 76612
531496 54010
578410 84074
583439 80502
444007 10066
815497 79477
539352 61059
376518 64634
853699 65802
377045 67096
460947 5940
262306 24127
140854 65969
554862 77394
156894 49382
73095 69773
841047 74462
413653 28865
463956 9450
888710 28445
412978 32864
215448 6373
168322 36663
671325 11321
329815 80749
385319 56357
663363 23557
890278 29608
871134 47716
62491 63180
603769 70327
203581 10733
72856 68705
509235 35364
367305 71545
897971 21438
601977 71914
110699 79670
483163 8628
346690 79813
282292 43312
870606 47197
938069 3212
861485 56631
595577 78439
605662 70863
413278 28620
270467 34044
320733 76067
120931 79964
928679 4844
441660 9539
549519 70380
663024 21628
850728 63082
692135 3951
160297 50483
633030 46591
194920 15745
755933 41377
64527 62250
359010 76772
831000 77823
186405 22016
697461 4363
632885 48895
890026 29398
508950 34804
110417 81912
776106 61006
225028 10382
615422 64645
949157 6725
101019 82047
281288 45161
177739 30683
727823 17956
825341 78626
367908 72495
284072 43949
494968 19418
957056 13168
673196 16083
234115 8578
51500 52632
777420 59445
633024 49510
253013 17669
644227 39350
927433 5756
101645 79897
366171 74822
711386 7981
743982 36993
974485 23687
728026 16718
185538 22362
72450 71944
678582 8531
508629 35439
982977 35417
158829 48413
805557 79295
471335 7777
443762 6983
168481 36181
168261 39816
281044 43714
72800 68844
596839 78903
455096 6516
680637 10380
454018 7361
164059 39643
968014 18613
184691 22668
934590 5692
406392 38846
557022 78777
204172 8188
589425 81332
167774 41297
680698 8221
357302 74852
716874 11992
298580 60685
883429 41554
821726 80989
558058 76837
915103 12094
783507 70758
813553 81881
716879 11584
698300 4780
88912 77299
681134 10156
555905 76755
596634 78072
164857 39998
204288 6430
746026 35603
149917 56937
891913 28511
919288 12475
265903 25911
989320 34318
985436 33930
73336 70994
63620 61781
509154 32240
510533 34735
879507 38501
500724 25750
358184 76188
825164 79646
670353 13462
739315 22163
509257 33853
53440 52320
311114 70488
546502 71651
576913 79264
394474 48983