47734 50977
48064 53841
48355 52122
48904 50098
49089 52648
49171 52633
49178 50250
49206 51109
49266 52614
49365 54114
49409 54480
49562 54012
49600 55535
49721 52845
49883 51899
49905 52394
49971 52799
50020 54119
50027 54044
50032 50583
50040 54429
50057 52127
50103 54086
50130 50023
50147 49657
50154 54060
50158 53766
50161 54318
50181 54416
50183 53315
50203 50149
50218 54823
50224 55670
50227 53350
50239 52726
50244 50562
50253 51402
50263 51067
50271 51055
50286 54246
50313 52342
50321 50728
50330 50009
50336 51239
50410 53820
50414 52318
50418 55265
50450 53288
50469 54153
50484 53054
50486 52264
50494 50322
50496 54508
50521 51707
50525 52670
50535 50983
50563 54445
50565 53179
50567 52884
50593 56129
50606 51541
50610 53747
50614 53636
50615 53404
50627 53369
50684 53466
50723 52860
50733 53133
50764 55202
50781 52733
50781 56183
50790 50551
50802 51417
50804 56518
50831 55284
50845 51370
50858 50260
50871 55024
50874 52692
50931 52122
50943 53345
50955 50565
50958 54109
50961 53356
50972 50628
51012 52690
51017 51376
51035 48218
51042 51930
51052 53262
51054 52148
51054 53142
51055 56006
51096 56381
51118 52041
51120 51366
51121 52405
51125 54774
51132 52018
51136 51895
51146 49990
51152 52620
51158 53774
51160 53917
51172 50248
51186 54362
51202 51130
51205 51813
51207 50921
51221 52631
51233 51426
51237 53237
51239 52646
51243 54078
51286 53731
51289 54923
51295 52840
51310 53332
51323 51176
51324 48973
51325 54768
51330 56426
51337 53150
51354 53179
51372 52926
51390 53846
51392 51058
51394 54817
51396 52258
51405 51975
51406 55643
51420 53112
51420 53692
51425 55243
51433 53650
51447 54719
51451 50954
51451 54259
51454 53291
51460 52926
51497 52292
51500 52632
51502 54244
51506 52960
51509 51140
51510 51966
51517 51514
51519 53097
51542 51396
51556 53411
51560 51885
51560 54990
51561 56499
51564 53558
51577 50917
51578 53194
51597 51895
51598 53813
51601 52196
51612 55793
51627 54095
51642 53391
51653 52353
51666 51356
51669 47488
51682 52872
51686 50279
51691 56032
51695 54017
51695 54133
51696 52785
51697 52428
51698 54950
51701 52553
51709 51148
51715 53778
51717 53073
51749 55441
51750 54752
51753 51143
51755 53796
51767 54107
51770 52215
51775 53259
51777 53081
51779 53855
51781 54173
51784 51450
51796 53863
51797 54781
51803 52143
51817 51974
51818 53770
51829 55339
51831 49404
51831 53427
51834 50513
51846 55504
51848 53916
51850 53493
51851 54475
51855 51779
51862 54015
51869 51462
51869 54542
51880 53649
51884 53708
51899 53100
51904 52028
51907 51619
51910 53777
51913 53868
51921 55133
51922 50627
51922 52691
51926 53499
51943 52473
51944 54985
51977 50184
51980 53161
51981 54095
51992 53865
52002 54255
52013 52855
52022 54804
52026 52506
52030 54646
52030 54840
52030 55670
52039 54127
52049 52108
52049 52471
52052 52069
52059 53327
52062 54044
52062 55185
52063 53101
52066 51047
52070 51965
52073 53398
52078 52972
52081 51897
52082 53031
52082 56150
52086 51094
52087 52110
52087 52854
52096 54518
52096 55290
52099 54453
52108 49695
52111 53334
52113 52546
52136 51882
52143 52783
52147 55464
52148 51178
52152 50263
52163 55113
52166 52533
52171 52947
52176 53036
52181 49946
52185 52950
52195 54957
52202 52161
52206 52695
52211 53650
52212 54944
52213 53961
52216 54979
52223 53151
52232 52912
52237 49730
52241 52946
52246 54254
52246 55730
52258 52253
52263 50121
52268 54790
52272 54642
52280 53796
52281 55234
52283 54157
52284 52743
52288 52974
52308 50917
52312 53019
52313 53291
52318 49813
52319 51655
52320 51187
52320 52961
52330 53931
52334 55468
52338 50221
52338 52423
52344 53100
52347 51497
52351 54511
52355 52359
52363 52082
52365 53197
52368 55839
52376 54742
52377 54249
52383 54095
52386 52676
52391 55689
52393 55819
52396 51235
52397 53779
52397 54668
52401 51653
52405 50935
52410 51712
52417 51971
52419 54405
52424 50192
52432 52252
52433 51208
52435 54438
52442 53596
52449 53024
52453 54246
52462 52026
52465 53786
52471 55838
52476 55435
52479 55753
52482 55061
52482 56182
52486 54432
52489 49848
52493 51947
52499 51213
52499 52702
52501 54212
52502 52241
52502 53400
52505 52328
52524 54721
52528 52681
52534 52254
52541 51020
52550 51994
52552 50322
52552 54584
52554 52350
52557 51550
52566 54844
52570 55111
52574 52618
52579 54227
52580 51918
52593 54814
52597 55750
52606 53345
52608 54057
52619 54844
52620 53066
52622 53186
52631 52926
52638 54028
52639 53887
52641 52536
52644 51350
52646 53210
52648 55239
52654 55482
52655 51613
52658 55116
52659 52453
52659 54299
52660 53306
52670 54339
52670 54783
52678 50988
52680 52605
52693 53308
52701 51462
52709 51985
52709 54775
52710 50969
52712 52235
52713 51511
52713 53536
52716 51354
52722 54009
52724 52009
52724 52029
52746 52803
52747 50546
52749 52825
52750 51648
52752 52859
52761 54030
52787 56283
52789 53245
52791 54323
52793 54384
52795 55324
52797 53226
52800 50142
52805 53698
52814 52325
52815 53270
52817 49936
52818 54533
52824 54898
52825 55450
52832 51772
52841 53645
52844 51163
52848 52143
52860 53236
52861 50974
52868 53279
52871 55649
52874 52576
52875 53607
52882 49183
52890 52091
52894 53199
52898 54553
52903 51541
52906 53966
52906 55026
52918 51829
52918 54571
52929 53147
52931 53364
52938 51219
52941 54039
52943 53316
52944 51317
52946 53496
52948 52972
52956 51129
52957 49981
52959 55320
52970 50298
52970 54449
52974 53625
52975 53238
52976 53211
52978 53498
52981 50471
52984 53086
52988 55010
52989 55651
52990 51854
53000 55076
53008 53632
53028 51541
53030 51836
53030 53337
53033 52322
53034 51959
53038 52610
53045 51828
53046 51948
53047 51441
53051 54168
53058 50814
53060 51750
53072 53959
53073 52946
53075 54131
53076 50695
53076 51286
53077 54144
53081 53036
53084 52578
53084 53399
53086 53788
53089 54634
53090 51985
53091 50200
53093 52121
53098 54061
53101 53741
53104 52156
53106 51740
53108 52586
53110 54101
53112 49509
53112 54946
53113 53117
53113 53481
53142 53326
53149 51863
53150 51312
53151 52209
53156 52199
53160 54389
53170 50372
53180 50427
53182 51874
53183 52415
53188 52715
53190 52040
53191 51869
53192 52128
53205 55592
53206 48166
53207 53735
53211 53975
53211 53994
53214 51778
53220 54710
53224 54888
53227 54596
53232 51795
53233 52907
53234 53195
53236 51557
53236 53367
53236 54412
53237 52197
53241 53666
53243 55907
53244 52181
53245 55462
53247 50851
53251 53952
53254 52969
53255 52970
53260 53689
53261 52785
53266 50791
53266 52040
53266 52741
53270 51014
53286 53762
53294 51765
53299 52723
53302 54151
53304 54352
53305 51947
53305 52772
53307 53559
53307 54720
53319 55690
53330 54201
53333 52279
53334 52776
53335 53506
53343 52807
53345 52620
53346 54633
53348 51271
53349 53792
53350 52638
53357 52796
53357 53612
53360 51977
53363 51062
53369 50777
53369 52390
53373 54782
53376 52142
53378 53190
53389 53726
53393 51090
53393 55785
53395 53810
53405 53192
53408 50798
53408 54848
53410 53010
53418 50644
53419 51614
53423 50620
53424 51530
53425 49212
53427 55318
53438 53044
53440 50215
53440 52320
53445 50888
53454 51210
53455 53706
53459 52034
53463 53341
53465 53042
53466 51111
53466 52859
53470 53867
53471 52796
53472 50974
53476 54183
53486 50374
53486 50619
53497 54506
53500 54083
53504 53031
53505 51983
53507 51574
53514 54446
53519 53170
53523 53897
53549 50293
53550 54326
53561 54538
53576 55331
53587 53494
53591 55600
53593 53506
53594 54453
53596 53088
53602 54878
53606 54057
53614 53369
53616 53515
53619 53507
53620 51682
53636 56883
53644 55552
53651 52247
53672 53729
53674 51400
53674 51957
53681 54829
53683 52416
53686 51162
53695 52023
53695 55784
53704 55333
53707 52616
53707 54651
53708 52430
53728 51823
53730 52279
53730 53404
53732 51825
53740 50700
53741 54499
53746 50262
53747 53490
53757 52777
53757 54955
53759 52093
53760 53096
53760 53595
53762 53236
53763 51187
53763 54094
53764 52325
53771 52803
53773 51851
53775 55303
53781 52804
53783 54624
53788 51022
53796 53544
53797 53433
53799 54103
53800 50331
53800 52429
53800 53118
53801 54149
53803 52575
53803 53158
53805 55933
53810 51232
53815 50429
53815 51761
53826 51602
53828 52506
53831 51717
53837 52932
53846 54669
53850 52125
53850 52949
53853 52795
53873 54997
53880 52755
53889 50530
53889 52661
53890 53334
53891 52200
53893 53572
53900 53697
53902 51966
53902 52910
53907 53035
53913 50702
53915 51499
53917 55668
53923 52622
53929 53536
53931 54067
53948 54828
53952 53828
53955 54598
53956 51503
53959 56062
53965 54373
53977 55420
53982 51835
53989 51168
53993 54465
53994 51338
53997 52445
53999 52533
54004 53595
54004 55742
54006 52574
54006 53160
54010 52452
54013 54601
54016 51481
54031 53071
54048 51327
54057 52962
54059 52935
54059 54991
54065 56997
54075 54206
54081 51207
54082 50654
54083 49917
54085 51369
54088 54350
54089 54761
54092 52835
54100 52079
54102 56695
54105 54564
54111 53478
54128 52766
54131 53726
54132 55764
54133 53611
54134 52169
54135 52181
54145 52863
54149 52114
54153 53859
54155 51025
54160 52764
54168 52287
54173 53667
54188 50678
54194 49543
54201 53354
54202 53172
54203 55940
54207 51262
54209 55229
54217 50835
54225 51934
54226 54601
54241 54648
54248 48980
54248 53794
54248 54098
54250 54902
54253 53706
54256 53999
54276 53747
54296 52555
54297 54225
54299 52102
54301 54442
54308 54591
54309 53194
54311 53743
54312 51256
54318 52888
54326 52453
54327 53572
54329 51972
54338 54528
54340 55397
54349 53042
54363 52157
54380 51068
54380 52744
54384 52106
54387 53283
54397 53533
54402 54075
54408 51697
54412 53560
54413 56770
54452 52540
54465 50492
54468 56576
54472 52898
54478 52076
54478 55690
54480 53173
54482 52902
54483 52635
54484 51093
54487 53252
54491 54757
54495 52778
54500 51010
54500 52834
54505 51956
54508 55307
54514 51712
54528 53519
54539 51029
54539 53300
54543 53476
54543 54166
54550 52722
54550 53662
54551 52011
54559 54137
54565 52333
54572 53909
54577 52359
54582 54064
54591 52332
54593 51178
54594 53335
54600 55859
54605 52905
54607 51576
54607 54262
54611 54302
54631 55562
54641 51418
54651 53749
54656 52918
54659 54466
54665 50891
54683 53091
54697 54554
54701 54757
54704 54179
54716 52638
54725 52683
54732 52537
54733 53285
54743 54961
54759 53564
54765 53784
54769 54173
54773 51225
54798 51616
54819 53102
54823 52028
54834 52040
54839 50930
54839 52903
54840 52011
54843 54984
54846 51209
54850 51816
54850 52147
54859 54899
54861 54890
54869 52147
54871 53775
54877 50311
54882 53089
54886 50768
54886 51342
54900 52711
54911 54352
54913 52510
54916 53420
54925 52407
54929 54938
54932 51402
54938 52590
54943 53619
54944 52932
54945 50868
54950 54354
54987 51973
54989 55252
54991 55125
55004 51371
55007 55464
55037 51204
55038 50898
55045 55724
55054 53712
55057 54487
55067 54714
55074 53769
55091 52918
55105 53391
55106 53253
55112 51160
55120 52185
55121 54389
55131 53231
55132 56771
55142 52842
55144 51568
55144 54868
55157 53136
55176 52872
55186 50577
55193 49525
55195 54323
55200 52041
55207 54811
55213 55294
55234 53170
55235 53672
55244 55354
55249 53440
55251 53735
55260 54558
55266 52210
55267 50519
55281 51967
55297 52463
55317 54266
55328 52050
55328 53353
55363 51614
55368 51679
55381 52187
55402 52327
55422 52512
55422 52833
55427 55283
55429 52662
55433 56082
55434 53098
55447 53652
55472 52950
55477 52626
55496 50979
55519 53643
55535 55933
55546 52458
55559 53905
55566 52904
55569 53477
55570 51869
55586 54117
55587 52713
55598 53939
55617 53552
55649 52657
55650 52424
55693 52494
55698 51172
55701 54557
55715 55018
55722 53013
55754 50892
55847 54064
55856 52937
55866 53191
55873 52644
55874 56051
55880 53201
55889 52970
55905 54168
55917 54965
55926 51031
55930 51954
55961 54137
55968 51615
55971 51021
56000 51730
56006 53542
56035 53083
56039 53127
56040 53877
56078 53181
56092 51985
56096 54688
56102 49073
56189 54719
56244 54582
56267 51697
56289 53357
56296 52872
56302 52517
56323 53314
56326 52270
56347 51814
56394 56883
56401 52549
56425 53324
56434 53085
56453 52876
56472 51870
56546 52716
56553 49307
56626 54691
56635 53480
56726 52555
56805 54964
56960 55260
57033 53725
57083 54012
57932 64286
58020 62885
58073 62533
58363 64461
58507 60952
58540 60532
58882 63168
58959 63322
59034 60585
59145 61717
59164 59757
59168 61401
59250 61922
59318 62083
59458 61429
59464 60412
59518 62946
59529 61856
59534 60771
59546 60124
59577 63185
59665 63065
59675 63765
59713 61255
59719 59465
59759 63334
59771 62352
59778 64199
59781 65082
59801 63234
59803 60599
59810 63747
59874 61798
59900 61499
59938 60696
59953 60877
59962 59806
59977 61661
59983 62446
59987 60921
60019 61505
60019 62823
60039 64251
60090 61386
60097 65061
60113 60921
60131 61129
60153 60715
60165 62498
60187 59510
60189 63029
60191 61947
60202 58677
60235 61652
60249 61754
60256 58747
60296 60989
60338 62909
60342 61987
60350 61351
60352 61811
60360 63437
60366 60643
60366 63300
60375 61625
60379 63273
60388 62010
60388 62520
60406 61059
60417 61419
60427 61599
60430 61986
60445 60516
60446 61569
60447 61333
60452 61631
60463 61944
60467 58708
60467 61614
60477 62515
60484 60015
60484 61645
60494 62801
60495 63153
60496 65278
60524 62353
60525 62937
60536 61288
60536 61533
60537 60415
60540 58719
60540 63158
60541 62097
60541 62578
60566 64031
60578 61901
60581 59356
60596 61846
60640 66550
60644 60800
60645 61398
60668 60600
60693 65226
60703 63103
60709 62648
60712 63220
60722 63805
60766 58823
60772 63188
60773 60188
60776 62620
60806 63178
60807 60888
60811 62100
60819 59982
60819 61012
60823 62616
60825 62372
60831 61182
60837 61424
60839 59110
60851 59651
60854 59818
60857 62237
60858 62352
60861 62543
60866 62379
60867 61043
60878 61205
60882 62037
60893 65859
60913 60567
60914 61948
60922 58834
60923 62458
60927 61808
60934 62513
60953 63983
60977 61088
60991 60488
61003 61378
61011 61238
61026 60065
61026 61512
61029 63003
61029 63195
61041 64740
61057 62132
61059 62823
61071 61578
61077 58989
61092 60746
61110 62228
61119 61889
61122 63421
61123 59615
61125 62129
61149 61892
61150 57398
61160 60842
61170 58445
61170 60692
61171 63662
61173 58886
61179 64416
61185 62331
61197 65047
61198 62228
61203 61720
61213 61526
61218 61518
61219 61117
61225 62191
61232 62031
61236 66219
61238 60493
61241 60636
61259 63416
61261 62127
61268 60606
61268 61702
61271 62445
61272 60929
61274 60381
61275 60313
61277 61434
61279 63780
61290 63666
61294 62335
61300 61873
61305 64399
61316 58542
61317 61369
61321 62629
61324 61628
61327 60298
61335 60960
61337 60894
61337 64484
61341 63125
61341 64646
61348 61095
61354 62506
61371 60943
61371 61854
61374 61660
61384 63174
61385 61849
61387 62784
61398 58096
61400 63342
61410 63295
61413 62208
61425 62941
61441 62472
61453 61262
61470 58208
61474 62015
61482 62696
61487 63514
61493 61987
61497 62187
61503 62914
61506 61912
61507 61449
61513 60391
61518 60888
61521 58806
61521 63059
61524 61161
61534 63192
61540 60952
61544 63127
61545 62399
61548 61569
61564 60277
61568 61072
61569 63144
61572 63101
61581 60724
61582 61003
61587 62560
61591 62209
61595 62201
61598 62060
61602 63539
61603 62722
61609 61949
61609 63494
61624 61231
61633 59701
61645 61848
61649 62146
61654 61339
61668 65812
61669 62732
61670 60595
61680 61734
61696 61453
61706 58338
61707 59937
61716 62086
61719 63099
61720 60186
61726 61108
61726 62321
61727 63745
61730 61026
61736 59087
61737 64226
61741 60336
61741 62967
61750 60500
61772 59619
61780 60443
61780 61853
61782 63026
61786 64339
61789 62963
61794 62135
61796 60934
61809 61037
61810 61355
61811 61249
61832 62037
61838 59575
61839 63069
61844 63909
61851 62916
61853 58857
61859 59015
61860 60908
61872 63227
61873 61537
61876 61813
61892 62307
61893 60566
61894 61288
61900 62648
61901 60754
61902 60588
61908 61449
61908 62405
61916 63772
61922 61368
61927 62411
61929 60495
61942 59997
61944 62729
61945 61110
61949 62121
61950 63694
61954 64516
61961 61704
61961 61906
61961 63093
61965 61679
61968 59458
61976 64706
61978 62546
61982 61122
61984 61046
61994 62710
61995 64818
62003 62360
62004 61277
62011 60234
62011 61997
62012 62851
62015 62064
62018 61790
62019 62562
62030 60826
62034 62768
62045 60218
62051 60977
62053 60208
62053 61365
62061 61824
62061 62000
62064 63784
62066 62656
62067 62011
62069 60317
62073 61340
62073 62157
62076 60193
62091 62274
62092 64942
62093 60697
62098 60022
62101 61648
62102 63383
62108 58960
62109 62941
62125 61781
62136 64951
62143 59526
62144 61542
62145 59257
62150 59158
62154 60338
62154 61463
62173 61820
62174 62706
62176 64670
62177 61481
62178 63605
62184 58928
62186 62769
62186 62835
62194 61668
62209 58633
62214 63228
62219 63017
62233 60009
62245 61588
62247 60242
62251 61845
62253 62154
62255 61360
62255 61967
62258 61315
62264 63712
62265 61023
62266 61621
62266 63378
62272 58520
62274 61103
62278 62938
62282 61065
62284 62986
62285 64119
62288 64232
62289 61648
62293 61625
62300 60347
62302 61655
62304 58161
62304 61352
62310 60296
62315 61853
62330 59701
62330 60873
62337 63552
62338 61860
62345 63378
62346 63934
62364 63296
62367 61390
62369 60715
62369 62879
62369 64381
62379 63490
62382 60926
62383 60912
62388 61714
62392 62166
62393 63095
62396 60038
62400 61650
62408 60326
62436 62318
62437 61452
62438 60505
62445 61945
62473 58355
62473 60863
62476 60529
62481 60322
62484 61858
62485 59814
62489 63807
62491 63180
62491 64274
62494 60650
62496 60223
62498 61990
62504 61987
62504 64890
62506 60063
62508 64191
62513 61480
62515 62982
62515 64156
62517 62633
62518 62400
62520 61487
62522 61560
62529 59517
62533 61023
62533 62177
62536 63196
62544 63330
62546 62535
62549 59259
62550 60456
62550 62957
62551 62283
62558 63760
62560 63666
62561 64514
62563 60471
62571 61702
62575 61466
62578 61527
62579 60724
62588 59909
62595 61254
62603 65149
62608 63107
62611 61749
62612 60951
62618 60018
62618 62381
62619 63774
62622 60497
62625 63835
62635 62045
62649 60869
62651 63697
62652 61596
62653 63270
62656 63090
62663 60697
62666 63580
62670 60520
62670 62781
62673 60575
62678 64154
62689 64073
62690 62768
62697 61493
62698 61989
62701 59998
62701 64900
62705 61842
62710 60909
62710 61943
62715 65122
62716 61142
62719 61644
62721 62279
62722 60123
62727 61379
62728 65550
62730 63328
62730 63541
62736 60123
62738 62504
62749 62477
62751 59854
62751 63404
62756 62612
62757 59692
62773 61417
62779 61839
62779 64625
62780 60494
62783 63724
62785 63940
62788 61277
62789 62256
62789 63624
62796 63193
62804 57930
62818 61861
62825 62495
62828 61137
62829 64174
62837 61071
62838 62044
62845 63244
62846 62580
62847 62659
62852 62335
62855 63083
62857 62084
62859 61491
62872 60510
62872 63100
62873 63270
62876 61041
62876 63557
62877 58912
62894 62413
62899 62940
62901 61792
62903 60599
62915 63513
62916 65578
62919 61364
62925 61975
62927 61676
62929 63814
62935 61576
62938 65314
62940 63996
62942 60496
62946 63721
62966 61079
62968 61401
62971 57850
62973 61072
62974 63558
62976 62856
62985 60033
62986 63014
62989 59691
62996 62050
62998 63971
62999 63681
63001 61186
63007 61391
63010 63193
63011 63455
63016 62142
63025 64013
63029 59226
63030 61803
63054 60049
63058 59652
63064 63287
63067 60601
63078 62040
63084 60994
63084 61295
63093 60798
63097 61933
63101 61007
63110 61298
63111 61222
63116 62558
63118 59771
63121 61164
63133 63467
63136 64023
63137 62405
63140 63214
63149 60308
63153 62304
63155 62418
63157 62185
63160 62150
63165 63395
63166 61812
63172 61655
63172 62291
63173 64227
63174 61938
63177 62265
63178 61876
63190 61421
63195 63994
63195 65711
63204 61702
63214 63316
63215 62675
63218 64766
63220 61655
63235 63619
63241 60919
63251 65821
63253 62216
63254 62455
63254 62524
63255 60273
63267 63744
63270 62631
63277 61675
63280 60243
63282 58891
63286 60913
63286 61650
63287 61457
63297 60522
63301 60565
63303 65784
63322 61132
63323 60948
63325 60760
63336 65224
63348 61716
63351 61403
63357 59517
63361 63933
63368 58447
63369 59228
63373 60685
63377 61086
63379 63913
63383 64795
63389 62701
63395 64357
63401 62592
63403 60393
63407 60552
63407 60935
63407 61227
63415 61519
63424 62782
63429 61987
63430 63116
63438 61444
63441 59700
63446 62013
63448 64275
63456 62521
63467 61997
63476 61999
63483 62648
63490 63061
63493 62344
63494 58716
63496 60517
63496 63301
63499 64597
63500 64335
63505 59761
63514 61366
63515 62459
63517 65957
63518 61989
63521 58108
63522 63540
63524 60276
63527 64264
63530 60871
63533 61211
63534 62334
63536 61901
63540 63037
63542 60916
63550 59622
63551 61967
63554 63198
63556 62788
63557 61400
63562 60164
63564 58550
63564 59330
63569 58614
63573 62131
63576 62141
63585 62135
63589 61524
63590 62274
63591 60958
63591 61857
63592 63028
63595 60727
63598 59217
63604 58763
63611 60338
63611 62145
63613 63030
63616 61566
63619 60816
63620 61781
63621 61707
63625 60058
63629 61991
63634 60723
63634 62701
63651 61879
63652 61105
63656 62618
63659 60721
63692 63443
63695 60571
63704 59247
63721 63086
63722 60844
63728 63166
63731 60638
63731 62582
63734 62092
63740 61462
63743 59151
63748 62618
63749 61429
63750 62634
63760 58655
63763 61390
63763 61560
63767 60831
63772 63086
63773 62997
63775 60748
63778 60618
63779 62253
63781 62259
63786 63326
63791 62226
63792 60688
63794 60561
63809 63555
63816 61047
63816 62047
63822 60845
63822 62984
63823 62398
63823 63109
63824 59758
63824 61996
63826 61549
63830 60953
63837 60094
63840 62439
63841 61847
63846 61454
63847 62283
63849 59767
63857 60769
63863 61587
63867 63276
63873 61609
63875 61363
63877 63847
63878 60562
63898 61070
63898 62350
63899 63821
63905 61329
63910 61529
63916 59879
63920 61971
63921 63107
63927 60221
63944 60655
63946 60867
63947 61492
63948 56432
63949 62570
63957 61261
63976 60125
63977 59079
63977 62330
63988 59596
63990 61040
63991 62725
64011 62568
64016 61761
64019 61814
64043 59125
64049 61677
64057 61127
64073 62359
64084 60382
64088 62206
64102 61259
64111 59431
64117 62085
64124 63603
64126 61676
64129 60247
64138 59520
64146 61758
64152 60661
64158 60653
64161 61173
64184 58523
64184 62730
64184 64416
64195 63048
64223 60432
64223 62642
64229 60416
64229 61693
64237 63516
64239 60613
64243 62766
64252 62406
64270 59970
64272 62350
64279 60460
64280 63456
64292 63645
64295 60135
64308 62022
64316 61807
64317 62949
64318 62870
64322 60193
64335 63619
64340 61670
64345 63461
64347 62336
64349 62586
64354 61653
64357 62092
64365 64571
64369 59272
64380 60905
64381 61664
64381 62912
64390 65646
64399 61245
64403 60605
64430 57778
64434 59947
64438 60441
64438 62269
64441 58902
64445 61958
64445 63548
64500 61600
64527 62250
64547 61977
64557 60220
64557 63309
64567 61870
64570 62785
64583 60424
64585 62848
64591 61662
64594 61769
64597 62001
64601 61201
64624 64927
64647 62053
64648 59812
64662 63209
64674 60813
64676 62476
64679 62765
64682 62671
64685 63207
64687 63061
64688 65108
64690 62046
64690 62193
64690 63767
64708 60534
64725 63913
64735 64841
64738 59997
64749 62507
64754 58558
64760 60298
64790 60379
64792 60647
64800 58564
64806 58883
64808 63024
64821 61714
64821 62593
64827 62229
64832 61561
64833 62538
64835 61615
64837 61000
64838 61651
64838 63138
64874 63130
64914 62627
64946 61013
64956 62046
64966 61529
64976 61258
64977 60236
64999 62136
65002 60983
65022 64524
65057 61618
65065 64256
65085 62848
65088 63409
65096 61253
65097 60680
65108 61375
65123 61870
65136 60053
65149 63988
65152 62944
65161 60708
65177 62094
65185 64516
65188 62258
65196 61744
65199 62083
65204 63163
65241 62230
65247 63148
65256 60922
65256 62455
65267 62071
65269 61067
65282 62368
65293 61734
65302 60510
65304 60687
65308 62535
65318 63762
65324 61972
65336 62656
65337 64123
65341 64251
65365 61775
65370 62221
65370 63131
65374 61607
65412 59757
65433 63854
65437 63460
65522 62755
65558 61320
65605 58783
65628 60266
65637 60353
65640 61922
65643 60385
65699 62641
65704 59500
65774 59806
65778 63126
65789 64527
65825 62890
65870 62028
65888 61283
65892 61969
65919 61486
65929 64155
65940 63027
66032 63555
66043 61509
66053 58660
66072 61642
66116 59990
66142 59627
66215 61158
66241 62132
66325 59716
66329 63629
66423 62161
66677 62867
66843 61143
67008 69691
67303 71042
67315 60527
67416 69872
67693 58566
67715 59904
68135 67963
68382 69349
68387 70288
68389 69499
68422 66277
68513 69486
68713 70370
68826 68737
68872 66853
68926 68515
68957 72247
68965 69556
68998 69668
69125 67914
69127 69546
69138 70576
69152 69983
69160 71144
69178 68222
69184 67445
69195 69524
69206 67201
69217 68915
69239 67187
69243 69770
69245 71758
69255 71771
69258 67480
69347 69012
69372 69340
69374 70099
69378 68570
69393 68015
69407 70186
69408 68471
69427 69649
69441 69116
69446 70588
69476 68006
69476 70746
69481 71932
69510 67516
69511 69515
69572 67595
69577 71158
69579 67418
69584 70588
69584 72086
69590 67202
69607 69031
69609 68251
69615 67363
69617 71691
69622 68918
69648 67996
69672 68165
69674 70210
69700 69370
69702 68179
69717 70247
69721 72290
69741 68895
69768 69916
69787 67123
69793 68349
69824 71881
69854 70314
69865 69620
69871 70800
69875 70183
69896 70888
69908 68107
69909 70035
69915 70153
69915 71170
69918 69170
69921 68314
69929 70743
69931 68389
69935 70328
69950 68324
69951 71699
69954 68838
69960 67778
69971 68286
69978 69703
69997 71353
70020 68987
70023 68520
70037 69361
70045 68386
70047 70694
70064 70979
70090 67491
70099 70726
70115 67154
70128 68398
70131 68251
70144 70631
70158 69275
70159 70870
70170 67631
70175 70618
70226 70805
70230 69180
70243 70675
70259 71482
70268 69610
70290 68489
70302 68324
70309 71385
70326 71115
70334 69828
70340 71130
70345 68527
70347 68825
70347 69421
70349 70415
70355 67123
70364 69103
70369 68370
70370 71503
70373 67507
70376 69263
70384 69491
70385 70127
70398 67962
70403 69904
70411 68653
70413 71090
70422 67717
70424 68996
70426 72201
70439 65305
70443 68303
70446 69320
70475 70197
70482 69122
70484 68879
70496 69133
70499 69107
70507 69893
70509 67988
70511 66872
70528 70614
70531 69237
70531 69575
70537 70219
70541 68273
70549 70289
70553 68883
70559 69871
70560 72375
70576 68980
70578 71745
70582 69588
70594 68067
70609 67772
70610 68174
70619 70387
70623 70715
70624 70294
70648 69057
70652 71053
70655 70396
70658 68481
70667 70768
70668 66433
70668 70600
70672 69819
70674 69500
70679 69702
70679 72326
70691 73385
70694 68135
70703 68892
70711 69377
70712 71840
70721 68130
70730 71622
70734 68423
70743 68769
70753 68943
70753 70518
70754 68751
70755 69840
70760 68539
70761 68387
70762 71543
70763 68093
70774 71813
70793 69318
70795 71046
70796 69574
70800 68556
70802 70565
70807 69375
70814 69415
70818 69871
70825 66836
70828 67916
70832 68931
70842 68043
70843 70795
70855 68890
70855 69914
70878 70626
70878 70878
70884 70875
70884 71295
70885 68395
70887 69605
70888 69626
70900 70299
70905 69113
70907 69510
70915 70294
70918 69806
70933 70729
70947 71488
70952 70440
70956 67716
70960 67460
70963 68351
70975 68962
70976 68871
70991 66488
70991 70423
70997 66575
71003 69543
71004 68712
71006 71169
71008 68959
71021 68080
71029 70038
71033 68874
71042 69863
71044 71402
71050 70937
71062 69037
71069 70849
71079 70422
71085 68239
71087 69865
71090 70391
71092 70011
71109 67419
71110 69160
71112 70622
71114 69522
71118 70959
71122 69311
71125 67963
71125 70409
71125 71061
71127 70086
71141 67507
71142 68389
71147 68994
71152 67159
71168 67954
71172 70445
71173 71050
71178 69063
71181 69879
71187 68013
71187 70838
71192 68552
71192 71160
71194 70448
71195 69381
71198 68494
71201 69796
71203 67706
71210 71163
71212 68394
71217 69928
71219 71460
71227 66630
71227 68761
71239 70299
71246 70465
71263 67896
71267 72986
71276 67970
71292 69159
71295 68471
71296 69119
71296 70266
71298 70010
71310 69206
71313 67909
71314 68783
71319 69412
71320 66499
71333 70851
71334 68828
71339 69842
71340 67925
71341 68965
71341 69753
71342 69695
71343 67954
71344 69046
71361 69415
71364 67961
71366 69439
71389 69563
71392 68887
71400 66103
71403 68680
71406 71087
71423 68447
71425 68824
71425 69881
71427 68436
71429 68989
71432 73076
71442 68067
71449 70129
71459 68113
71460 66727
71462 70149
71465 67268
71466 67983
71466 70398
71474 70664
71477 66228
71477 68266
71477 70070
71480 70686
71492 70961
71493 71117
71496 70731
71502 69584
71502 70034
71503 70213
71509 67408
71514 67108
71516 71830
71517 66686
71519 70341
71520 69332
71521 72244
71522 69100
71531 70907
71536 69906
71537 67955
71538 71928
71546 67381
71549 70875
71550 67119
71556 70727
71564 69791
71570 69766
71582 71472
71587 69452
71591 67523
71599 69588
71606 69924
71610 69961
71618 71045
71621 68801
71627 67368
71628 67457
71632 68396
71632 69288
71636 67965
71638 70504
71646 68409
71648 68960
71649 69986
71651 70025
71653 70248
71654 69565
71655 70392
71658 69904
71660 69386
71669 68195
71670 70044
71676 70400
71678 71848
71679 69068
71681 71956
71686 68321
71689 70673
71696 70055
71698 69409
71701 68860
71702 68378
71706 69444
71718 69925
71724 70434
71726 67907
71726 71230
71727 70999
71727 71442
71728 68209
71729 69292
71732 68830
71733 69231
71741 65659
71750 71379
71756 65803
71756 70987
71757 68104
71770 68009
71776 70666
71776 71210
71785 70492
71785 73304
71789 70585
71789 71738
71798 70563
71799 70329
71802 67124
71812 68119
71813 69432
71813 70351
71814 67244
71814 70815
71815 69615
71822 69671
71828 69286
71834 69035
71835 69518
71841 70400
71858 69559
71860 68601
71860 69849
71862 68570
71865 69750
71867 68731
71869 67303
71875 68460
71878 71164
71885 70638
71914 68393
71931 70821
71937 68520
71939 70056
71942 66366
71945 70155
71947 70696
71947 71391
71948 69311
71954 67267
71954 71817
71955 70548
71962 71224
71963 68908
71973 71211
71974 68154
71974 69727
71974 70076
71979 67823
71986 65948
71986 69100
71987 70161
71990 70451
71994 66706
71999 70235
72011 70417
72013 70763
72015 70654
72021 69687
72027 70124
72032 68803
72033 68010
72038 70346
72044 71278
72048 67754
72051 66135
72063 69916
72067 68891
72073 70467
72082 68117
72084 69776
72085 69905
72086 67956
72089 69190
72090 68947
72110 69974
72115 68098
72122 67820
72131 69136
72132 68596
72132 69392
72142 69005
72144 69940
72162 72552
72164 69630
72168 71021
72169 67409
72171 71789
72172 72811
72173 69465
72174 68710
72178 68091
72180 68790
72182 67389
72186 66820
72199 70041
72201 67291
72202 68844
72206 68224
72211 70570
72215 68916
72219 69353
72225 69543
72225 70754
72226 71607
72232 70336
72233 67734
72238 69400
72244 68667
72254 68077
72255 71807
72256 69289
72261 71926
72264 69070
72266 67757
72277 70677
72279 70560
72285 70453
72291 69766
72291 70465
72292 72063
72298 69813
72300 68817
72306 70166
72308 68140
72308 71214
72309 67348
72310 66535
72311 69057
72314 70808
72323 68129
72325 71284
72327 71597
72329 67561
72337 69594
72339 69251
72341 68928
72342 71902
72354 69593
72360 70425
72362 71476
72366 69980
72373 68093
72374 69330
72377 69164
72380 69104
72392 70739
72395 71467
72397 67679
72402 69047
72403 68672
72404 68873
72408 68788
72410 68267
72413 70557
72415 67095
72417 71076
72418 69056
72420 70849
72427 70150
72436 72244
72437 67315
72439 69677
72442 70553
72450 69917
72450 71944
72451 70442
72454 67695
72455 68476
72457 71053
72462 69283
72464 70418
72467 68502
72468 69161
72473 67805
72480 68248
72480 69133
72485 69776
72491 70481
72492 70697
72494 66439
72500 67219
72500 69025
72500 70198
72503 66731
72503 72823
72509 68874
72514 71026
72539 70077
72554 69573
72559 68483
72564 67168
72568 68038
72570 69139
72571 67014
72573 71199
72580 67389
72584 71026
72589 71515
72590 68430
72591 70072
72593 68938
72610 67933
72613 73375
72615 69939
72619 69854
72622 69478
72623 69634
72632 65098
72633 69612
72635 68448
72647 70223
72648 69659
72655 68184
72657 65854
72657 68225
72659 71719
72660 65652
72664 70189
72678 67921
72694 70131
72697 70230
72699 68796
72710 69031
72713 71520
72714 69618
72720 67845
72721 67004
72726 69712
72735 69505
72739 72339
72740 71121
72746 70446
72748 68142
72750 71169
72752 70148
72762 68644
72763 70628
72766 65533
72767 69451
72774 68115
72797 69745
72800 68844
72812 70050
72813 68960
72813 70481
72818 70896
72822 70990
72823 70492
72824 72131
72829 70261
72830 67046
72832 68261
72834 70323
72835 71285
72836 68362
72840 67476
72842 70139
72845 68421
72847 68714
72847 71555
72854 69435
72855 68033
72856 68705
72861 68814
72869 71243
72873 70554
72879 69604
72882 68821
72882 70067
72887 67922
72887 70344
72897 70355
72899 70976
72900 66391
72913 71711
72916 68945
72919 69840
72923 67516
72934 68084
72934 68774
72935 68514
72936 69382
72937 68995
72940 69989
72946 69539
72947 69751
72953 71053
72953 71362
72954 69374
72955 69029
72957 71702
72960 69068
72962 69426
72963 66088
72963 69750
72965 69581
72966 69372
72966 71266
72976 67616
72983 66604
72989 66692
72993 68481
72993 69192
72999 66486
73001 68424
73001 68985
73003 68351
73004 70856
73005 69996
73008 69426
73010 68443
73011 70154
73012 70437
73013 69993
73019 70452
73020 68051
73021 69948
73023 71127
73043 68920
73043 68969
73052 68254
73052 69939
73063 68879
73066 72152
73071 69919
73072 70474
73082 66553
73085 66894
73089 69072
73089 71527
73095 69773
73099 69821
73115 69019
73120 70216
73122 67841
73138 66854
73143 71733
73152 69297
73153 67311
73164 70795
73167 70104
73173 67441
73173 70763
73189 68826
73189 69820
73193 68432
73202 70862
73205 69408
73205 69883
73205 71136
73206 67305
73218 70277
73235 68626
73240 69621
73255 71588
73259 69980
73261 67447
73261 69055
73275 67799
73277 69875
73281 70129
73291 71306
73305 68131
73308 71145
73319 68720
73319 69818
73335 67302
73336 70994
73344 68653
73345 70133
73345 72182
73348 67625
73348 67789
73354 68450
73355 70086
73363 71986
73367 69007
73376 67389
73378 65924
73388 71988
73399 70120
73401 71177
73405 67841
73409 72726
73414 71270
73427 68589
73429 68551
73431 69127
73438 70011
73449 68799
73458 69143
73459 68671
73459 69212
73468 68560
73475 68197
73479 70172
73484 69648
73486 67812
73492 68290
73503 69267
73511 69457
73514 70722
73518 69884
73531 69309
73534 68088
73539 70509
73545 70626
73551 70404
73554 69208
73569 70479
73575 70126
73576 68247
73576 70725
73584 66976
73587 68818
73588 70793
73588 71694
73592 69198
73595 69856
73601 72898
73606 68512
73624 70424
73632 70217
73662 69266
73670 72324
73679 66111
73683 69564
73690 68683
73692 70588
73695 71587
73701 68949
73728 70027
73740 70518
73744 69045
73747 66473
73749 71702
73753 66000
73759 69433
73768 68208
73776 67472
73780 68358
73783 69366
73787 69921
73795 68587
73795 69191
73796 67705
73798 67684
73804 70622
73809 67568
73809 72882
73814 69366
73819 71928
73820 67584
73825 70270
73828 72581
73838 68840
73840 67818
73864 70589
73866 72881
73875 70575
73879 74053
73881 72521
73887 68273
73895 65734
73906 71815
73922 69521
73931 70998
73936 69014
73951 71384
73961 67527
73970 69971
73971 69102
73980 70482
74004 70770
74010 70265
74015 71312
74016 69096
74017 68385
74024 71612
74028 67358
74028 71516
74033 70048
74034 68059
74040 68078
74045 69432
74048 70452
74060 67826
74061 69188
74086 70944
74099 69155
74108 69307
74110 69532
74118 70167
74157 67948
74161 68620
74177 69970
74179 68420
74187 71591
74206 68039
74213 69664
74224 69804
74250 67909
74284 71493
74293 68897
74306 71246
74310 70690
74311 70710
74360 68990
74364 69234
74368 71759
74379 69613
74382 67383
74399 73170
74400 72268
74407 68616
74432 70043
74442 66385
74458 69076
74465 70065
74481 69817
74488 68910
74494 68219
74497 71394
74514 68299
74515 71307
74532 69666
74534 69972
74544 69670
74552 69095
74554 66601
74564 70404
74582 67600
74591 66851
74604 66248
74606 68114
74609 69879
74619 69317
74629 71223
74630 71930
74654 69861
74659 71693
74675 71184
74701 66744
74715 69348
74766 68766
74771 70190
74790 66202
74822 68685
74827 67891
74866 66847
74882 69509
74895 71076
74912 70095
74915 70051
74924 69584
74936 70320
74960 68621
74964 69310
74980 69012
74982 68159
75019 69758
75033 69753
75034 68684
75050 70132
75091 70996
75102 69847
75105 65569
75137 70573
75147 69870
75148 69787
75176 68607
75192 67122
75261 67044
75272 70274
75324 69243
75352 69170
75367 65878
75386 69169
75530 73803
75567 69931
75598 72264
75885 71241
75902 69207
75904 70129
75940 69295
75976 67621
76088 70929
76316 76910
76320 69507